14865,14866,14691,14698,14692,14690,14697,14693,14695,14694,14696,14781,14848,15119,14854,15135,14998,14999,15000,14618,14620,14619,15071,14642,14639,14640,14641,14629,14630,14631,14632,14634,14633,14635,14637,14636,15091,14791,15073,14675,14754,15038,15128,15127,14793,14709,14899,14898,14897,14903,14905,14896,14901,14902,14895,14900,14904,14789,14783,14785,14786,14784,14782,14788,14787,14847,14846,14668,14849,14603,14961,14960,14959,14621,15147,15146,15075,15076,15074,14858,14951,14949,14948,14947,14946,14945,14944,14943,14950,14942,14682,14680,14681,14982,14613,14610,14616,14611,14615,14614,14612,14728,14727,14794,14622,14624,14623,14840,14841,15058,14857,14856,14855,14689,15039,14669,15138,15139,15140,15141,15142,14795,14764,14763,14889,14884,14885,14892,14886,14887,14888,14893,14890,14891,15120,15166,14843,14842,14648,14647,14986,14987,15086,14806,2823,14918,14921,14920,14919,14796,15137,15092,15093,15097,15095,15098,15094,15096,798,797,723,14672,14674,14673,14671,729,730,3053,843,844,14546,813,816,817,814,815,754,771,772,774,773,775,776,770,15133,2761,14729,3009,848,14984,788,14799,14798,14801,14800,14803,14802,15100,736,734,737,735,738,3185,2874,2757,3225,2873,2808,833,2800,3237,15151,15149,15150,15148,15154,15153,15152,2878,727,726,728,725,724,3028,3190,14908,2802,14579,14578,14580,14581,14575,14582,14585,14584,14586,14587,14588,14576,14589,14590,14591,14592,14583,14577,786,785,784,783,779,782,781,780,778,777,3114,3115,2973,3011,2994,2801,2932,2983,2803,3122,3123,3054,3242,3243,3244,3256,3245,3246,3247,3248,3250,3251,3255,3252,3254,3253,3249,3117,2821,2891,2890,2889,2888,2887,2886,2892,2818,3187,3186,1021,1022,2972,2971,1339,2763,1033,1480,3273,3195,951,1058,1880,2843,2834,2833,2835,2836,2837,2844,2838,2839,2840,2841,2842,14805,3081,3082,3272,1443,1444,1318,2989,2990,2988,1811,1555,799,801,800,15169,845,3157,2767,2884,2883,2881,2882,3276,3275,3061,3073,3072,3071,3070,3069,3074,3063,3075,3076,3064,3062,3068,3077,3067,3066,3065,3078,3121,1159,2748,14545,14543,14544,14541,14542,1152,3188,1039,1041,1038,1040,14864,14863,14862,14861,1850,1849,1710,1711,3057,959,958,956,957,1150,1151,1334,1335,1085,1084,1083,3055,3056,3124,1317,1316,1289,1499,1500,2974,3008,1623,1745,1746,1747,1620,1354,3146,2810,3153,3116,988,989,1702,1541,1540,1539,1123,14870,1827,1908,1262,902,901,900,899,898,1466,3240,3241,3239,1027,1026,1025,3191,3192,1379,1380,1011,1325,1575,1556,1557,881,3945,3507,3508,3506,1707,1755,3079,1352,1448,14638,1625,1353,1629,1628,1294,1295,1296,1297,1298,1299,1302,1301,1300,1303,3699,3698,3696,3695,3694,3697,1095,1094,3707,1210,1209,1315,1355,1356,1906,1292,1291,991,1408,1407,1409,1550,1549,1548,1547,12224,12223,12221,12222,1036,3922,1332,12332,12331,12330,12329,12039,12038,1622,1233,1234,1232,1231,3835,3836,2893,8216,8217,2754,12397,8212,8213,12265,8335,8336,8414,1037,12152,12151,1840,1839,1838,1837,3154,2853,1592,1482,2768,3095,1845,3231,3229,3230,3232,3233,3234,3235,3228,3227,3058,1308,12491,12492,12499,12493,12494,12501,12495,12496,12500,12498,12497,11913,11914,11915,11916,11917,11918,11920,11919,1000,861,3006,3005,3004,3003,3002,2928,1877,1872,1875,1876,1871,1873,1874,11087,11802,1337,1826,1824,1825,12396,11200,11201,1695,1097,3133,10511,2872,2876,2877,3271,2960,8411,8410,8408,8409,11167,1321,1322,2927,2935,11029,11030,11031,11035,11033,11034,11036,11032,11973,11970,11974,11972,11969,11968,11971,12371,2758,2759,2760,1661,1655,1656,1657,1658,1659,1660,1663,1662,1665,1666,1667,1668,1669,1670,1664,11546,11542,11543,11545,11544,3196,3274,1212,2775,1062,1063,1061,1909,11166,11163,11165,11164,3007,2813,2812,2811,2817,2814,2816,2815,1157,10522,10517,10516,10515,10526,10525,10524,10523,10518,10514,10513,10520,10512,10521,10519,2966,2963,2964,2965,2962,1240,1239,1241,10530,15002,1633,1847,1846,11660,2755,2756,11124,3010,14627,14867,1544,1546,1545,1543,14850,14626,14869,14556,14667,15056,15053,15055,15054,15057,14845,14952,14953,15001,14941,14940,14939,15132,883,2822,5137,15155,15156,14894,2950,14555,14771,14767,14768,14774,14773,14769,14766,14772,14770,15067,2753,2752,2751,2750,1781,1782,1783,1784,1785,1786,1787,1789,1788,2951,2952,14934,14933,14932,14931,14937,14935,14928,14930,14929,14938,14936,1419,15121,8033,1087,14983,14617,14852,14851,14853,1722,4245,4243,4240,4242,4238,4244,4239,4241,8030,8031,8032,8029,14907,12557,8072,8091,12090,12089,12088,12087,12091,12085,12086,5138,14670,14965,14973,14974,14972,14964,14970,14969,14968,14967,14971,14966,1950,1948,1947,1952,1949,1951,1953,4159,4160,11618,4246,8042,8049,8048,8044,8043,8045,8046,8050,8051,8047,8054,8053,8052,14775,8076,8077,8087,8086,8085,8074,8079,8080,8081,8082,8083,8084,8075,8078,8073,2913,8071,2300,2301,2302,2308,2303,2304,2307,2306,2305,12417,2967,2968,4289,14980,12264,1199,1198,1197,1200,1201,1202,3080,3049,4180,4179,11976,11977,2440,2438,2437,2436,2428,2429,2433,2432,2430,2431,2441,2435,2434,2439,1455,1454,1771,12234,2520,2519,4188,4185,4186,4187,2762,4259,4262,4260,4261,5134,5135,5133,5136,2510,4288,4287,2442,2509,4158,953,952,954,955,2536,2470,4304,2268,2264,2267,2266,2265,2263,2269,7468,7470,7464,7467,7471,7466,7465,7469,7463,2299,2298,2340,2339,2333,2337,2335,2332,2338,2336,2334,4251,4250,15168,15167,3238,2346,2345,1013,2845,2846,1770,4285,2412,2411,2410,7534,7533,7530,7529,7532,7526,7527,7528,7531,4338,4337,2565,2567,2564,2563,2560,2566,2562,2559,2568,2561,4352,4353,2374,2373,4309,4211,4210,4209,4212,4218,4219,4220,4221,4216,4217,4213,4214,4215,7629,7630,7631,7632,7628,7633,7213,7216,7217,7214,7218,7219,7220,7222,7221,7215,16281,16282,16300,16298,16297,16301,16302,16303,16304,16305,16306,16307,16308,16280,16296,16294,16293,16292,16291,16290,16289,16288,16287,16286,16285,16284,16283,16295,16299,4336,4335,4334,16436,16437,16438,16486,4339,2490,2488,2487,2486,2489,6951,16323,16324,16325,809,808,12133,16187,16186,16185,4277,4280,4276,4279,4278,2376,1465,4286,4308,7676,7670,7671,7672,7673,7674,7675,7677,7678,16262,16263,2502,2503,2499,2500,2504,2501,2505,2391,2389,2390,2392,2395,2394,2396,2397,2398,2400,2401,2402,2403,2404,2405,2406,2407,2408,2393,2399,2409,4136,4141,4140,4142,4139,4138,4137,16481,3534,7148,7149,4181,1813,1740,13368,13369,1618,2361,3843,3841,3845,3840,3839,3838,3837,3842,3844,7062,1542,11416,2569,2570,10811,11313,11318,11317,11310,11311,11312,11314,11315,11316,16441,4195,4199,4190,4191,4192,4193,4189,4194,4200,4198,4197,4196,1552,2828,2829,2832,2831,2830,15068,3126,3092,12502,12503,14566,14565,14564,14567,14563,8292,2208,16330,16332,16335,16334,16326,16327,16333,16329,16328,16331,1972,14963,14962,4235,4234,4233,4232,11925,11926,11929,11928,11924,11927,11922,11923,11921,14981,3152,2880,2879,3088,3089,2653,2662,2659,2661,2656,2655,2666,2663,2665,2657,2658,2660,2664,2654,2652,10779,13004,13003,12970,12980,2708,2705,2706,2714,2713,2711,2712,2710,2715,2709,2707,4306,4307,13013,13018,13008,13009,13010,13011,13012,13014,13015,13016,13017,13007,13006,13005,2953,15126,1844,1843,11514,11515,11516,11512,11511,11510,11517,11509,11518,11519,11513,13052,13053,3125,2783,12966,15072,13084,13083,13082,13081,13080,13078,13077,13079,2595,12981,12982,12983,12984,12975,12971,12973,12974,12976,12977,12978,12972,4135,14780,3543,3547,3546,3545,3544,3542,12965,3090,3650,14844,1431,2477,2478,2476,2479,15170,16336,8204,8202,8201,8210,8209,8208,8203,8205,8207,8206,8200,8199,3051,3918,3921,3920,3919,14957,13054,1652,1653,15049,15041,15040,15052,15051,15048,15044,15043,15050,15045,15042,15046,15047,3279,2604,2603,11680,1203,11655,11658,11657,11656,13076,1158,1059,1816,1818,1819,1817,13104,13103,11170,11179,11178,11177,11168,11169,11176,11180,11171,11174,11172,11173,11175,2512,2511,1564,15099,8354,16425,1551,1326,1405,1406,1404,1403,16482,12985,9728,9718,9717,9725,9719,9720,9721,9722,9726,9723,9727,9724,11074,11076,11075,11077,10272,10273,1632,10508,10507,2854,3236,9918,7310,7309,7313,7312,7311,1721,1720,11904,11908,11910,11905,11906,11907,11909,2387,2386,2385,2384,2383,2377,2378,2379,2380,2381,2382,10254,2453,2451,2450,2449,2446,2447,2445,2444,2448,2452,11574,11573,11576,11577,11572,11575,3131,3132,10222,10221,9946,9949,9948,9945,9947,10154,11773,11065,11064,10410,4167,11140,2961,4208,4204,4205,4206,4201,4207,4202,4203,3093,11725,11726,8060,8061,8065,8064,8063,8055,8056,8057,8062,8058,8059,8068,8067,8066,1864,1863,1862,1861,1860,3084,11586,1497,1496,14985,3096,803,3767,3766,3765,3769,3768,3770,3772,3771,3764,3134,11585,3155,3156,2704,2703,2702,2701,2700,2699,10455,11584,1439,1440,1441,1442,11256,11257,11259,11260,11265,11261,11262,11258,11254,11263,11264,11266,11267,11255,7544,14790,3097,3098,14860,14859,3193,1217,1218,1214,1213,1216,1215,15162,15163,15158,15159,15160,15165,15161,15164,1056,1057,1513,1514,1515,1509,1510,1511,1512,1507,1508,1869,1870,3150,3149,3151,3130,3129,14871,14873,14872,13059,13060,13061,13062,10821,1760,1766,1761,1765,1763,1762,1764,6756,2764,1574,1573,1572,1571,1570,1569,13275,13272,13273,13274,13276,13277,13270,13256,13262,13263,13264,13265,13266,13267,13268,13261,13269,13260,13259,13258,13257,13271,9916,796,10781,10780,15085,15084,10896,3094,832,10290,10291,10289,9915,10389,10390,10391,10392,10393,10388,10387,3001,2792,2791,2790,2788,2789,14868,9644,9645,9646,9647,9648,9649,9650,9643,5166,11801,11800,14594,14593,3143,7478,7477,15059,15060,15061,15063,15064,15062,10828,9607,10800,10799,10798,10801,2006,2007,2008,2225,2226,1654,9618,9624,9619,9623,9622,9621,9620,9617,9616,9594,9593,11637,2043,1034,14909,14910,14916,14915,14914,14911,14913,14912,2113,2112,14678,14676,14677,14679,14797,11619,8090,2969,2970,8526,8525,8524,7430,7431,7440,7433,7436,7437,7434,7435,7432,7438,7429,7439,7428,14917,2041,15004,15003,9917,8555,8557,8554,8558,8552,8556,8561,8553,8560,8562,8559,2820,15019,2766,9692,11706,11707,1086,2895,2036,2037,3280,14762,2164,2163,2165,2162,10452,2954,14922,14925,14924,14923,8157,8159,8158,8160,8156,8151,8154,8155,8153,8152,8150,8149,8147,8148,8145,8144,8143,8142,8146,2166,3673,3669,3672,3668,3665,3667,3666,3671,3664,3663,3662,3661,3660,3659,3658,3657,3655,3670,3654,3656,2294,2292,2291,2290,2289,2288,2287,2286,2295,2293,14699,14706,14705,14704,14703,14702,14701,14700,7635,7636,7638,7639,7643,7642,7641,7637,7640,11741,11740,11739,11737,11743,11736,11735,11734,11742,11738,2030,2031,2032,2033,2034,2985,3277,7061,7060,7059,14804,1983,2048,2052,2051,2050,2049,2933,2855,2233,2232,3194,1307,10324,10085,3000,3199,3200,3198,3197,11197,11198,2795,2794,2793,2796,2848,2847,2824,2765,3091,14568,14569,14570,14571,14573,14574,14572,2867,2866,2865,15136,2110,2111,2095,2101,2103,2102,2100,2099,2098,2096,2094,2097,2092,2091,2090,2089,2093,1914,2106,2108,2109,2104,2105,2107,2799,10194,2934,9902,15134,3060,9715,11462,8037,8036,8038,8035,8034,8041,8039,8040,8138,8139,11635,10058,10065,10066,10059,10067,10062,10063,10064,10061,10068,10060,9999,8418,8417,8416,8415,3145,14761,14760,10236,10237,10238,14708,2749,8326,8325,10537,10534,10535,10536,2747,9693,1963,1962,6910,6911,6899,6912,6913,6917,6903,6914,6915,6902,6901,6916,6918,6909,6898,6900,6908,6907,6906,6904,6905,6897,6919,7620,7622,7623,7615,7614,7612,7616,7613,7619,7618,7611,7610,7621,7609,7617,8356,10791,9582,9583,9584,9585,14825,14824,14826,14827,14828,14816,14823,14822,14830,14821,14829,14818,14819,14820,14817,11410,11411,6020,6021,6029,6022,6028,6027,6026,6025,6024,6019,6031,6018,6017,6023,6030,10944,11631,11632,11633,11634,4178,4173,4176,4177,4174,4172,4175,5244,5243,5249,5239,5242,5238,5248,5237,5246,5236,5235,5240,5241,5234,5245,5247,14707,3519,6237,6859,14726,14719,14720,14715,14721,14722,14723,14714,14716,14717,14718,14713,14725,14724,8503,8511,8501,8500,8513,8499,8498,8514,8510,8509,8508,8507,8502,8505,8506,8512,8504,5917,3513,3516,3517,3515,3514,6380,8413,6186,3120,5764,5959,6274,6275,6277,6276,6278,6279,6281,6280,6282,9753,7031,7030,7029,5903,5915,5914,5913,5912,5916,5911,5910,5909,5908,5907,5906,5905,5904,2077,2076,2075,5820,5821,5495,5494,5497,5498,5496,6194,6195,6196,6197,6198,6193,6192,6191,6188,6189,6190,15007,15008,15009,15005,15006,5232,5231,5212,5662,5663,5664,3383,2931,13248,6263,2894,11880,11879,11881,11882,2898,6303,13278,5263,5983,6320,6321,6322,6319,6324,6318,6323,5334,5337,5336,5335,5565,5566,5567,5568,5569,5570,6984,6987,6988,6989,6986,6985,13254,13255,2730,2729,2728,2727,2722,2725,2721,2726,2720,2724,2719,2718,2717,2716,2723,6242,6241,6240,6243,10788,10787,10786,10785,10784,10789,10790,5768,6308,2047,2046,2045,2044,7106,7762,7483,7484,7482,7485,7486,7481,15125,15122,15124,15123,1823,8141,8140,2784,5474,5471,5472,5473,5475,5476,5477,5478,6304,10878,10889,10875,10876,10888,10890,10882,10891,10877,10892,10887,10886,10879,10883,10881,10884,10885,10893,10880,7487,7858,7857,5531,5532,5502,7872,5743,5744,5746,5747,5748,5749,5745,5753,5750,5751,5752,2870,2871,1483,6032,6034,6033,5388,6249,6252,6251,6250,6253,6076,6065,6081,6066,6067,6077,6068,6080,6071,6079,6078,6072,6073,6074,6075,6069,6070,6008,7799,14606,14605,16409,6146,6147,6144,6145,6148,14876,14874,14875,14877,14878,14880,14881,14879,14882,14883,2078,2185,2184,2183,2182,2186,6224,6221,6222,6223,6225,6227,6228,6229,6230,6220,6226,5696,5697,13383,5899,6851,6849,6850,6848,6847,6846,7774,7773,7775,7776,5894,5893,5896,5892,5895,7378,7377,7380,7375,7381,7382,7383,7379,7376,7384,7386,7385,7828,7825,7827,7826,5432,5420,5422,5419,5418,5430,5433,5429,5428,5427,5431,5426,5421,5416,5415,5411,5414,5425,5412,5424,5413,5423,5417,3043,3085,3086,7914,7915,7913,7916,7917,7918,7919,7921,7922,7923,7912,7920,6150,5982,3201,5318,5682,5684,5683,8681,8680,8678,8679,15157,5305,6035,6036,5456,5457,5458,7788,7787,7785,7786,7779,7778,7777,7783,7782,7781,7780,7790,7784,7789,7791,7792,7793,7794,7801,7800,7767,7768,7980,7985,7984,7983,7982,7981,2995,5923,5922,5925,5924,5921,5920,5919,3856,3862,3861,3860,3857,3859,3849,3850,3851,3852,3853,3858,3854,3848,3855,3384,3386,3385,11617,11614,11615,11616,5180,7908,7909,7566,7567,5603,5604,5605,5606,5607,5608,5609,5610,9908,7374,7373,10769,16402,16403,7837,7838,7840,7839,10020,5592,5593,7124,7123,14628,6819,6818,6817,8728,8727,8726,8725,11111,11115,11114,11113,11112,11110,7152,7873,11494,11495,11496,11497,11507,11498,11499,11508,11506,11504,11500,11503,11505,11502,11501,7548,7225,7224,16457,16456,16459,16460,16461,16462,16463,16464,16465,16458,5302,5298,5299,5300,5301,5303,6244,8092,5672,5673,5674,7416,7417,7415,7418,7419,7427,7426,7424,7423,7422,7425,7420,7421,7441,6833,8420,8423,8424,8422,8421,11679,11666,11678,11677,11664,11676,11665,11667,11675,11674,11673,11672,11671,11670,11669,11668,6120,6124,6123,6121,6122,6185,5296,5295,5289,5291,5293,5292,5288,5294,5290,6128,6135,6132,6133,6134,6127,6136,6125,6137,6138,6131,6139,6141,6130,6129,6142,6143,6140,6126,3338,3337,3297,14643,8134,8135,8136,6119,8569,7966,6118,2897,8332,8333,8331,7956,7957,7958,7959,7960,7961,7962,7963,7965,7964,8006,5961,2777,7094,3278,5718,5960,3824,3823,7321,7322,7323,1767,6873,6872,5897,5898,6799,6800,6801,6803,6802,6805,6804,6830,6828,6827,6826,6829,7880,7887,7886,7888,7879,7881,7885,7884,7882,7883,5233,6174,6175,6176,6177,6178,6180,6181,6182,6179,6173,11877,5977,7521,3911,3913,3912,11241,11242,11243,11244,11245,11246,11247,11248,11234,11239,11235,11240,11238,11236,11237,5523,5522,8636,8635,8634,7864,7862,7865,7868,7866,7863,7867,5582,5590,5580,5583,5584,5585,5587,5581,5573,5576,5575,5574,5588,5577,5578,5579,5589,5571,5586,5572,2986,7592,7586,7587,7598,7589,7590,7591,7599,7588,7595,7597,7594,7585,7593,7596,6245,6246,6152,15069,15070,6824,6820,6821,6822,6823,2776,5978,10748,10744,10745,10746,10743,10747,6112,6113,6114,6116,6117,6115,7462,11199,6751,1120,1122,1121,11662,11661,11663,11117,11123,11121,11120,11119,11118,11122,11116,3955,3956,3957,3954,7279,7272,7274,7275,7276,7277,7271,7278,7281,7280,7270,7273,7269,7282,6247,6248,7657,7658,7055,7056,5634,5635,5636,5637,5638,5642,5640,5641,5643,5644,5645,5646,5647,5639,5633,5459,7665,15065,15066,11765,10923,10924,10926,10917,10918,10919,10908,10921,10913,10914,10920,10915,10922,10925,10910,10916,10909,10911,10912,6993,6992,6990,6991,8362,5170,16209,7325,7211,7209,7210,7212,10001,4359,4356,4358,4357,4360,5564,5513,5514,5511,5510,5515,5509,5508,5512,5507,5506,5191,5192,5187,5188,5189,5190,5835,5841,5833,5840,5837,5838,5842,5836,5834,5839,11781,5901,5902,5900,5952,16352,5843,7795,7498,7496,7500,7502,7499,7501,7503,7504,7497,11047,11048,11049,11050,11051,11046,11045,14608,14607,7666,6344,6343,6342,6341,6340,6345,6347,6346,3916,3917,6305,6104,11728,5827,7142,5308,5309,5307,5306,4120,11044,11043,11042,7667,11548,11547,3109,3104,3105,3106,3107,3113,3112,3111,3110,3108,11659,8597,3649,11598,11599,11597,11596,5665,5666,10223,6869,6870,6871,11708,3982,7907,15106,5824,5823,5825,5826,5822,7328,7329,7327,7326,11413,11415,11414,11412,7442,7445,7443,7444,7447,7448,7446,7353,7345,7354,7357,7344,7355,7352,7351,7356,7343,7347,7348,7346,7349,7350,4119,3139,3138,3135,3136,3137,3142,3141,3140,4006,5286,5287,5285,13126,13125,13127,6302,8529,8407,6401,6256,4003,4005,4004,3999,4002,4000,4001,9961,7634,4116,4115,1804,1805,1806,1809,1807,1808,3863,3864,3865,11591,11590,11589,11588,11587,11377,13354,7493,11791,11530,7041,7042,7043,7045,7054,7046,7047,7048,7049,7050,7051,7053,7044,7052,7095,3802,3799,3798,3797,3796,3795,3794,3800,3793,3791,3790,3789,3788,3787,3792,3801,4247,4105,4110,4114,4113,4112,4111,4106,4109,4104,4107,4108,9782,6955,6956,6957,6099,3521,3520,4051,4052,3050,2819,7457,7458,7449,7455,7456,7459,7454,7452,7461,7451,7460,7453,7450,7523,7525,7524,3572,3571,2869,4022,10976,7876,13341,7569,7570,7571,7572,7573,7574,7583,7575,7576,7582,7580,7581,7577,7578,7579,7584,7096,1449,1450,5758,5760,5759,5761,5757,5756,5755,5754,1324,6978,6832,15130,15131,6768,6760,6767,6764,6766,6762,6765,6761,6763,6759,6758,8285,8286,1237,1238,1236,1235,13390,13388,13389,6972,6967,6962,6969,6966,6965,6971,6964,6963,6968,6970,6973,6977,6976,6974,6975,3101,3099,3100,1010,1155,7627,7626,7625,7624,14604,2999,2996,2997,2998,3087,11089,7644,7645,11233,13317,13319,13318,13313,13322,13315,13308,13312,13311,13307,13306,13316,13310,13309,13305,13314,13320,13321,7092,10361,11537,11536,11538,7717,7720,7719,7723,7718,7724,7725,7722,7721,1313,1312,1311,1310,1314,7395,7394,7390,7392,7391,7393,7093,7147,8007,7002,7001,7000,7004,7008,7013,7009,7006,7010,7011,7015,7012,7005,7014,7007,7003,7020,7017,7016,7028,7027,7026,7025,7023,7022,7021,7019,7018,7024,3467,3465,3464,3463,3462,3461,3460,3459,3458,3457,3466,7172,14288,14290,14289,5958,5957,5956,11830,11831,11829,11828,8289,8290,8287,8288,6941,2864,11052,1621,5317,13169,13624,7729,7728,2987,14807,1955,14354,13134,11181,11183,11182,2594,7336,4133,4134,1810,1204,1205,1207,1206,1208,10263,10271,10262,10261,10264,10260,10265,10259,10255,10256,10270,10266,10257,10267,10268,10269,10258,7522,7878,7877,5179,2590,2593,2592,2591,14560,14562,14561,5942,2632,2634,2628,2633,2639,2629,2638,2636,2637,2630,2635,2631,2640,2606,2607,13842,13843,13844,2731,2732,8225,10845,1971,920,2651,11404,11403,11402,11401,11397,11399,11398,11405,11400,11406,8644,8647,8646,8645,13970,4161,4162,4163,4164,4165,4166,13349,13346,13345,13342,13352,13344,13348,13351,13353,13347,13343,13350,15107,15108,7554,7555,7556,7558,7553,7551,7550,7557,7560,7552,7559,14359,11799,11794,11798,11797,11796,11795,11793,5503,2686,2684,2683,2685,2693,2688,2687,2698,2697,2695,2694,2696,2692,2691,2690,2689,14355,14358,14356,14357,10227,10226,10533,10531,10532,4223,11790,8575,8576,8577,11583,1042,5685,5686,5687,5688,5692,5689,5690,5691,6954,4305,7727,2596,2598,2597,6187,3345,4274,2929,15985,6939,6940,7473,7474,7472,7475,7476,6360,14602,5330,5331,5613,5614,5615,5616,5617,6757,7317,7316,7318,7319,3873,3872,3871,3870,15994,15995,15996,2736,3382,3374,3381,3376,3378,3380,3375,3377,3379,7669,7668,5648,3890,16145,3511,4226,4227,4228,4229,4230,4231,11444,16028,16027,16032,16031,16030,16029,16025,16026,4121,4122,3989,3990,3504,3502,3500,3499,3498,3497,3503,3501,9803,9804,9802,6795,10510,11636,8573,8572,16011,3324,3327,3325,3328,3326,3329,3330,3323,10827,10826,10823,10824,10825,10822,11883,11884,5806,16141,16143,16142,5408,5409,5818,5817,5819,7137,7138,7139,7136,7127,7140,7141,7135,7130,7131,7132,7134,7133,7128,7129,13728,13729,13727,13730,12328,11466,11468,11469,11470,11471,11472,11473,11474,11475,11476,11477,11478,11465,11464,11467,14035,14034,14033,2982,2981,2977,2980,2979,2976,2978,14835,14837,14836,14839,14834,14833,14832,14838,12598,12595,12599,12600,12601,12596,12597,12603,12602,12594,10742,10741,10740,2601,2600,2602,16069,16070,16071,16072,16073,16074,16065,16068,16067,16066,16075,16062,16063,16064,16076,8453,8459,8449,8458,8452,8454,8457,8451,8450,8455,8456,13158,13157,13156,13164,13163,13161,13165,13159,13160,13162,13166,4182,4184,4183,11847,11853,11852,11850,11849,11851,11848,13253,13250,13251,13252,11777,11778,11779,11780,14156,14157,14155,4349,4351,4350,12140,12139,8111,8112,8113,15997,5061,7400,7402,7399,7398,7401,7406,7396,7404,7397,7405,7403,13355,15083,7654,7655,7653,7652,7651,7650,7656,14520,2809,15947,13846,13845,5524,5525,5526,4642,8215,8214,4333,7151,4645,2885,5096,5095,5094,11125,11127,11128,11129,11126,11427,7565,7563,7564,7561,7562,3923,2868,8379,8366,8377,8376,8365,8380,8372,8373,8375,8374,8368,8371,8378,8370,8381,8382,8367,8369,16269,16270,13644,1650,1651,4237,11445,16354,4614,4615,4889,16044,16043,16042,16041,16045,1693,1648,1647,1649,14927,6831,7192,7197,7196,7195,7194,7193,14831,8093,11195,11193,11196,11194,11192,11189,11191,11190,11188,11187,3018,3017,3016,3015,3014,3013,3012,3020,3021,3019,3027,3023,3026,3024,3022,3025,13293,13302,13301,13299,13286,13287,13288,13290,13291,13292,13297,13296,13295,13294,13300,13298,13289,6313,6311,6310,6314,6309,6315,6312,14540,8533,8534,8535,8536,8532,8131,4728,4729,4726,4725,4724,4723,4722,4720,4719,4721,4717,4730,4727,4718,10771,10770,4591,4592,4593,4594,4597,4588,4599,4598,4589,4595,4590,4596,16095,2737,2738,2739,2740,7662,7663,7664,7661,6999,16477,16478,11630,3899,3901,3902,3903,3898,3900,3904,7320,2353,2357,2355,2354,2356,2352,8132,765,766,767,768,763,769,756,757,755,758,761,760,764,759,762,16432,16431,16434,16429,16435,16427,16433,16430,16428,4922,4923,13660,13659,13661,13122,1130,1128,1129,1127,1131,1132,1133,1134,1135,1126,2605,3177,3163,3164,3162,3161,3172,3160,3166,3173,3171,3158,3159,3170,3169,3168,3167,3175,3176,3178,3174,3165,13376,13375,13380,13379,13371,13373,13378,13377,13372,13374,8570,8571,7291,7292,21,13731,5037,16267,16266,16265,2925,2926,6306,15851,15852,15846,15845,15858,15850,15843,15857,15856,15844,15853,15855,15860,15849,15848,15854,15859,15847,1841,22,23,18,4290,16493,8484,8485,8483,11626,11625,11627,11624,11528,16278,16279,15115,15116,15117,15110,15109,15118,15112,15113,15111,15114,4618,1050,1055,1054,1052,1051,1053,3710,3711,3712,1801,14408,14419,14402,14401,14412,14413,14420,14414,14415,14411,14403,14416,14406,14405,14417,14409,14410,14407,14421,14404,14418,65,733,6732,6738,6735,6734,6733,6737,6736,4317,4315,4312,4314,4316,4319,4318,4320,4321,4322,4323,4324,4325,4311,4313,16093,8649,8648,31,30,11812,11819,11814,11815,11816,11817,11818,11820,11821,11823,11824,11825,11813,11822,11811,12153,4168,4169,4170,4171,13233,4252,14710,14712,14711,32,34,33,11394,11395,5992,5989,5990,5991,3726,3727,3728,3729,3730,3731,3732,3733,3734,3736,3737,3735,3739,3746,3745,3744,3738,3742,3741,3740,3743,16204,16197,16196,16195,16201,16200,16202,16203,16198,16199,3991,4786,4793,4794,4795,4796,4780,4792,4791,4797,4790,4782,4783,4784,4789,4785,4788,4787,4781,13285,12540,12538,12542,12543,12539,12544,12545,12546,12541,12387,7324,64,4255,4254,4253,16135,7097,6882,6881,6880,6892,6890,6893,6875,6876,6884,6894,6888,6895,6896,6879,6885,6886,6887,6889,6878,6883,6891,6877,6874,5139,13626,13625,1534,1535,1536,1537,1538,7288,7290,7289,13826,13828,13825,13827,13824,13829,979,4123,2319,2329,2330,2328,2331,2327,2320,2323,2318,2324,2322,2326,2317,2325,2321,14400,14399,14394,14395,14396,14397,14398,14954,3889,15500,15499,15496,15498,15497,8403,8405,8402,8401,8404,8394,8396,8397,8398,8399,8400,8395,8390,8389,8393,8392,8385,8386,8387,8391,8388,10320,10321,10638,10637,10639,10640,10642,10651,10643,10650,10644,10645,10647,10646,10649,10648,10641,15969,996,995,997,994,992,993,742,743,741,744,11567,11566,11569,11564,11563,11562,11561,11560,11570,11565,11568,15899,2507,2508,2506,10846,15897,1881,1882,1883,1884,1886,1887,1888,1889,1890,1885,4802,4803,4804,4548,4547,4543,4545,4544,4542,4541,4540,4539,4538,4546,10274,2827,2826,12447,12446,12445,12450,12443,12444,12449,12448,7063,7069,7068,7066,7067,7065,7064,12248,12617,12616,8211,9988,9989,9990,9991,26,10322,9314,9313,9315,9312,10673,12786,12788,12787,9380,3961,4143,2316,2315,2314,2311,2312,2313,2309,2310,25,9129,9125,9131,9130,9134,9128,9127,9126,9132,9133,9135,9136,9137,9138,9124,8094,14142,14149,14141,14148,14140,14143,14139,14138,14144,14145,14146,14147,10245,10243,10242,10244,10240,10241,9039,13426,13425,13424,13421,13422,13423,8518,8517,8516,8515,8519,8520,13231,2492,2493,2491,15402,15409,15408,15397,15398,15399,15407,15406,15405,15400,15404,15410,15403,15401,14666,3584,3591,3590,3589,3588,3587,3586,3585,3583,3582,3581,10768,8117,8122,8123,8130,8129,8127,8125,8126,8121,8128,8124,8120,8116,8118,8115,8114,8119,13191,12372,9290,8360,12707,3410,11550,11549,1576,11376,8291,2375,1088,1774,11639,10904,10903,10902,7150,7370,7369,7368,7366,7367,7364,7363,7358,7362,7361,7360,7359,7365,9851,1175,1182,1177,1191,1178,1179,1180,1181,1176,1183,1190,1189,1188,1187,1186,1185,1184,15396,7681,7682,12653,12651,12650,12652,3218,3219,11774,12398,3482,9083,9081,9080,9079,9082,7058,12875,12874,12880,12876,12877,12878,12879,2485,2481,2482,2480,2483,2484,3713,3715,3714,8876,3888,1741,1742,1743,1744,12674,12675,9375,9373,9374,10451,10449,10450,12535,12536,12537,1288,2850,9531,9525,9526,9530,9527,9528,9529,1672,2614,2613,2612,2611,2619,2610,2609,2617,2608,2618,2615,2616,2620,2622,2623,2624,2625,2626,2627,2621,9901,9900,7315,4303,4300,4301,4302,6787,6786,6785,6784,6783,6782,6781,6780,11253,11252,11251,11250,11249,13361,13362,13363,8827,8826,8821,8822,8823,8825,8824,10018,10019,10017,10016,10015,10014,10013,10012,10011,10010,10009,12711,12710,12708,12709,59,8954,8955,8956,9310,13364,16268,13249,56,55,54,53,57,15972,15971,15974,15973,2682,2681,8531,13150,13155,13154,13153,13151,13152,9318,9319,9320,9317,9316,8426,8425,6868,2465,2464,2466,2467,2468,2469,15381,15382,15384,15383,15380,15379,15378,1434,1433,7107,7108,9691,5012,7517,7518,7519,7520,7293,3781,12401,12399,12400,10152,7119,7116,7117,7122,7121,7120,7115,7118,12722,12723,12724,12725,12726,12727,12728,12729,12730,12732,12731,12735,12733,12738,12737,12736,12734,3834,10126,10125,8384,8383,10370,10372,9247,11329,11328,11319,11325,11320,11321,11322,11327,11323,11326,11324,2362,10229,12824,9059,9061,9052,9053,9060,9054,9055,9058,9057,9056,9324,9778,2388,842,839,838,837,836,840,841,6938,3226,1350,1351,3648,3647,3635,3639,3640,3641,3634,3633,3646,3645,3636,3638,3637,3642,3643,3644,12318,12317,12316,12315,12314,12313,12312,12311,12303,12310,12309,12304,12305,12306,12319,12320,12308,12307,4117,8324,8321,8320,8323,8322,8355,1587,1590,1588,1589,1591,9956,9955,9960,9959,9958,9957,12374,12376,12375,12373,8564,8568,8567,8563,8565,8566,10349,10086,14154,14153,12655,12654,12656,7688,7687,8019,8020,8027,8026,8022,8025,8023,8021,8024,10374,10373,10467,10468,10469,10470,10471,10465,10466,13416,13417,13418,12910,10377,8427,8430,8431,8429,8428,10204,2455,2461,2458,2456,2459,2457,2460,2454,13107,13106,13108,13109,13105,2497,2498,2496,3301,2537,7037,7036,7038,7039,7034,7040,7033,7035,7032,3052,2053,7203,7208,7202,7201,7206,7205,7204,7198,7200,7199,7207,1759,1758,8106,9286,9277,9284,9276,9273,9285,9278,9272,9274,9280,9279,9282,9283,9271,9270,9281,9275,8760,8759,8758,8757,8761,8762,7057,2781,2779,2780,2778,2366,2365,2370,2367,2368,2369,2372,2371,2364,2363,3995,3997,3994,3993,3992,3996,12466,7154,7153,7155,7156,7157,7161,7163,7162,7158,7159,7164,7160,894,895,896,897,10090,10091,10089,10088,7479,9794,9793,9796,9797,9799,9800,9801,9795,9798,8304,8303,9517,7414,2804,2805,2806,7765,7766,11186,11185,11184,7540,7535,7543,7536,7537,7539,7538,7542,7541,7851,9951,4464,4463,4471,4472,4466,4467,4468,4469,4470,4465,4462,7954,7953,7952,3119,3118,7861,7860,7859,12548,15,16,17,12,2,7,8,9,10,13,4,14,11,3,5,6,12916,6579,6584,6583,6582,6581,6585,6580,4033,4032,4031,12240,12238,12239,3339,6412,16023,15014,15013,15012,15011,15010,6590,6591,6589,6588,6587,6586,6593,6592,6935,6936,10122,7713,7715,7716,7714,7712,9983,6595,16490,16489,16488,16487,16491,16492,2474,2471,2472,2473,3370,3373,3365,3371,3366,3367,3368,3369,3363,3364,3372,3362,5695,5694,10795,10794,10793,11705,11704,8228,8229,8230,8231,8232,8233,8227,8226,8234,2494,2495,7660,7659,15394,15395,10118,4644,4643,1274,1275,7297,2213,2212,2211,3127,10078,8578,15602,15599,15600,15603,15601,12344,9755,3102,794,795,793,3315,9992,9993,8297,8296,8299,8302,8298,8300,8301,10401,10394,10395,10400,10396,10398,10397,10404,10403,10402,10399,3083,13283,6201,6208,6202,6203,6204,6205,6206,6209,6214,6211,6212,6213,6200,6215,6216,6217,6218,6219,6210,6199,6207,12405,12404,12403,12402,3578,3601,6445,6455,6454,6453,6458,6452,6451,6450,6449,6448,6457,6446,6456,6444,6443,6447,13480,13479,13478,13476,13477,13474,13475,7764,7245,7235,7244,7243,7242,7241,7240,7239,7238,7237,7234,7236,9238,9235,9237,9239,9236,2538,2539,2540,2541,2542,2544,2543,4567,4565,4568,4581,4580,4569,4579,4570,4564,4571,4572,4578,4573,4577,4576,4575,4574,4566,9950,9821,3604,3603,3602,3892,3891,3592,3594,3593,10409,7314,10766,10765,10764,10763,10762,10767,10757,10753,10760,10754,10755,10756,10761,10759,10758,13148,13149,12093,12092,4888,4887,4886,4885,4884,4875,4876,4882,4881,4877,4878,4880,4879,4883,4874,9784,2956,2957,2958,2959,2955,6810,6816,6815,6814,6813,6812,6811,6809,6808,6807,6806,13110,7253,7254,7255,7256,7257,7258,7252,7250,7249,7248,7247,7251,3949,3948,3947,3950,10115,13337,13336,13335,13334,13333,13323,13324,13325,13332,13331,13330,13326,13329,13328,13327,10813,10812,11646,11647,2668,2669,2671,2674,2670,2680,2675,2676,2677,2678,2667,2679,2673,2672,3887,13642,13641,13640,13639,13638,13637,13636,13635,13634,13632,13631,13630,13629,13628,13633,11393,11392,11391,11390,5084,5087,5085,5086,12115,12114,12113,12112,12111,10280,10281,10279,13132,13129,13131,13133,13130,11002,11003,11004,3924,3925,3930,3929,3932,3933,3934,3928,3926,3931,3927,3940,3944,3943,3942,3941,3939,3938,3937,3935,3936,6858,6857,14041,11493,2214,11772,7078,7091,7070,7071,7090,7089,7088,7072,7073,7087,7082,7081,7080,7074,7079,7076,7084,7085,7077,7086,7083,7075,1498,4926,4927,4925,4924,14765,11717,11716,11715,11714,11709,11712,11711,11710,11713,2774,2772,2773,2770,2769,2771,10509,11959,11958,11960,11957,13544,13545,13546,13543,13548,13549,13542,13547,9562,9563,9564,9565,10428,6929,6930,6932,6931,6934,6933,9985,7646,7647,7648,7649,3579,8539,8538,8537,11730,11731,11729,6680,4082,4084,4085,4086,4081,4080,4083,4088,4089,4090,4091,4092,4087,4077,4079,4078,14316,14315,14314,14313,14312,14311,999,12395,3048,3047,3046,3045,3044,9121,9120,6576,19,20,10070,8343,8340,8341,8342,8353,8352,8345,8351,8346,8347,8348,8349,8344,8350,8338,8339,11559,10034,10033,10032,4534,4535,4536,10360,10357,10358,10359,9581,11302,11303,11301,11039,11041,11040,4711,4710,1598,1599,1596,1597,1600,1601,1602,1603,1604,1605,1606,5027,5025,5026,10461,11347,11346,11353,11356,11359,11360,11361,11362,11355,11354,11357,11352,11351,11358,11345,11350,11348,11349,8364,15549,15545,15556,15555,15554,15553,15552,15551,15546,15547,15548,15550,15557,8433,6608,6601,6602,6603,6604,6605,6606,6607,6614,6600,6610,6611,6612,6613,6609,12110,11701,11702,11703,4340,4347,4341,4342,4343,4344,4345,4346,4348,3505,8002,10200,7340,7339,3059,6641,6594,7337,7338,3184,3181,3180,3182,3183,2589,4916,4917,4919,4918,4911,4912,4913,4914,4915,4921,4920,3223,3222,3220,3221,4854,4853,4852,4855,4851,4850,4849,4856,1856,1857,1858,1859,2741,14208,14201,14202,14213,14214,14215,14199,14209,14198,14203,14204,14211,14205,14206,14207,14212,14200,14210,15879,15878,6487,6488,10953,10954,5100,5103,5104,5105,5106,5099,5107,5097,5102,5108,5109,5110,5098,5101,11990,16122,16123,16124,10810,14254,10803,10809,10808,10807,10806,10805,10804,10802,4054,4061,4063,4064,4065,4074,4066,4073,4072,4067,4071,4070,4069,4068,4062,4055,4060,4056,4075,4076,4059,4058,4057,11896,11895,11894,11893,11897,11900,11901,11898,11899,1411,705,14792,1715,1716,11373,11368,11369,11372,11371,11374,11375,11370,6642,7831,7832,7834,7835,7830,7836,7833,11700,16006,16007,740,1,7690,7693,7692,7691,7689,12712,15929,15930,15931,10577,10576,10579,10578,10588,10575,10574,10573,10585,10581,10586,10580,10583,10582,10584,10587,14519,15922,15921,11554,11555,11556,11557,7847,7850,7848,7849,4222,7695,7697,7694,7698,7699,7700,7696,4407,4406,4405,4411,4404,4412,4409,4408,4402,4401,4410,4403,14128,14129,14123,14127,14126,14125,14124,10026,8574,7173,7986,7987,6996,6995,7372,7820,7819,7818,7821,7806,7811,7812,7814,7815,7816,7813,7810,7809,7808,7807,7817,15033,15027,15029,15028,15034,15030,15024,15025,15035,15032,15023,15022,15021,15020,15036,15026,15031,4361,14906,8103,2993,6750,9662,16021,14137,13239,13243,13245,13241,13240,13247,13235,13236,13237,13246,13244,13238,13234,13242,14558,14557,14559,10571,10570,3709,3708,7407,7408,7413,7412,7411,7410,7409,7144,7143,12530,3816,3810,3811,3812,3813,3807,3806,3814,3817,3805,3808,3804,3803,3809,3815,9599,9598,10350,10971,6924,6923,6922,6920,6921,6949,6948,6950,9971,10252,10251,4126,4127,4128,4132,4131,4130,4129,15171,4605,4603,4602,4601,4600,4604,3332,3331,3336,3335,3334,3333,11638,13123,13124,7869,11396,15413,15414,15412,15416,15417,15419,15415,15418,8592,8581,8579,8580,8582,8584,8585,8586,8583,8588,8589,8590,8591,8593,8587,439,12785,2142,2140,2141,2143,2524,2532,2525,2523,2526,2522,2528,2529,2530,2531,2521,2533,2534,2535,2527,12745,12744,12742,12741,12740,12743,15090,15089,15088,15087,732,12142,12143,12144,12146,12147,12145,9996,14548,14549,14550,14547,14554,14553,14552,14551,14956,14955,827,828,825,830,829,826,823,824,10235,9754,739,14644,14645,14646,4049,4050,7303,7305,7299,7300,7304,7301,7302,7307,7306,12807,3346,3349,3347,3348,3351,3350,12951,6273,7749,7748,7747,7746,4970,303,304,10375,6952,11938,11937,13190,13186,13189,13188,13187,310,309,308,307,306,305,312,313,314,316,311,317,315,7798,12885,12884,12883,12882,12881,7841,6423,6422,11037,8468,8471,8472,8464,8475,8467,8465,8469,8470,8466,8473,8461,8474,8463,8462,1773,4553,4557,4558,4559,4561,4550,4562,4554,4551,4560,4552,4556,4555,4549,3361,12037,6055,6054,6053,6063,6056,6058,6059,6060,6061,6062,6052,6057,3452,3453,3454,3455,11684,11699,11682,11697,11696,11695,11683,11681,11698,11691,11686,11687,11685,11693,11694,11688,11689,11690,11692,13505,13502,13503,13504,3472,3471,3470,3473,3469,3468,5167,14776,14778,14779,14777,3518,13820,13818,13819,4248,10991,10993,10992,10994,10988,10979,10982,10983,10984,10985,10986,10987,10980,10989,10978,10977,10990,10981,831,4617,4616,10818,10817,10816,10815,10820,10819,5329,5328,5327,5326,6359,1258,14958,11932,15037,5632,5631,13879,13878,13877,4491,4487,4488,4492,4490,4489,3984,3985,3986,3987,14102,14100,14101,10974,10973,10972,10975,11482,11481,11490,11479,11483,11491,11492,11480,11484,11489,11486,11487,11485,11488,11038,7259,7260,7261,7268,7267,7264,7265,7266,7263,7262,10427,10796,10797,4236,6064,11409,11408,11407,7287,7286,7285,7284,7283,10199,14273,14274,14275,14272,14269,14271,14277,14270,14268,14278,14276,6111,6110,6109,6108,10120,12377,12378,12343,12335,12336,12337,12338,12339,12340,12341,12342,9914,5739,5740,5741,5742,5387,14976,14979,14978,14977,14975,10775,10774,10773,10772,10778,10776,10777,10380,10381,10379,10382,10378,10383,5726,5725,5727,5737,5736,5720,5721,5722,5723,5738,5728,5724,5730,5735,5734,5733,5732,5731,5729,5719,4125,4124,1894,1893,3951,3952,3953,16355,16356,16357,16358,16241,16242,16249,16251,16245,16252,16248,16240,16250,16244,16247,16243,16254,16253,16246,11434,11435,11436,11428,11433,11430,11432,11431,11429,14655,14656,14657,14658,14652,14651,14650,14659,14660,14661,14662,14663,14664,14665,14653,14649,14654,1907,320,5501,10253,10071,5873,15574,15573,15572,15570,15569,15568,15567,15571,6825,15015,15016,15017,15018,12907,5716,5717,5715,5714,9790,14734,14733,14745,14746,14730,14735,14731,14736,14732,14741,14742,14752,14753,14740,14739,14751,14737,14744,14738,14750,14749,14748,14747,14743,1395,1397,1398,1396,1399,12552,5866,5847,5846,5851,5852,5850,5858,5859,5860,5861,5862,5864,5865,5849,5853,5854,5855,5845,5844,5856,5863,5848,5857,6925,6926,6927,6928,10098,10094,10095,10096,10093,10092,10097,8222,8221,8220,8224,8223,8599,8608,8607,8606,8605,8604,8603,8601,8600,8598,8602,15620,15621,15623,15618,15619,15627,15626,15625,15624,15622,1195,1194,1192,1196,1193,6042,6040,6041,6043,13998,2642,2649,2650,2647,2646,2645,2644,2643,2648,2641,9857,10303,14517,14518,412,411,410,409,408,403,406,404,402,401,413,407,414,405,2742,2743,2744,2745,9823,11979,11978,6961,13454,13453,13452,8627,8628,3496,1330,15541,15542,15540,15543,2024,2026,2029,2028,2027,2023,2025,2984,12665,12668,12670,12666,12664,12667,12669,10225,10036,9982,5869,5870,5871,10464,6497,6496,16419,7100,7099,7105,7103,7102,7104,7101,13987,13986,13995,13996,13990,13991,13997,13988,13992,13993,13994,13985,13984,13983,13989,10792,8104,3387,3435,3437,3438,3444,3433,3432,3431,3447,3445,3439,3434,3436,3446,3441,3442,3443,3440,9667,3281,105,4256,4257,4258,15842,6979,6843,6841,6842,6844,12794,12793,11622,11621,11623,11620,2358,2360,2359,16274,16273,16275,9632,9655,11459,11460,11457,11458,13836,4747,4745,4746,4738,4743,4748,4742,4741,4739,4740,4744,10084,9759,10083,11231,11232,11229,11227,11230,11228,5661,5660,10783,10782,10106,5652,5651,5650,5659,5654,5649,5653,5655,5656,5657,5658,6682,6681,4930,4932,4931,4928,4929,9568,9567,9566,9569,6615,4909,4908,7341,7342,9976,9974,9973,9975,11309,11308,4399,8547,8542,8545,8544,8543,8546,8548,8541,8549,6693,12525,10214,10215,10209,10208,10216,10210,10213,10212,10211,14491,14488,14493,14489,14492,14490,8412,9824,9825,10496,14996,14997,14992,14993,14988,14995,14991,14994,14990,14989,11592,11595,11593,11594,9695,3342,3340,3343,3344,3341,14926,7568,3622,3623,3624,3625,3626,3627,3628,3629,3630,3631,3632,11529,10000,545,1481,14186,14188,14187,14189,14190,10356,16114,12606,12604,12605,6726,6727,6730,6731,6728,6725,6729,12136,12137,12138,10155,6151,4018,4019,6707,6705,6706,162,9995,12270,9783,11649,11648,7098,13357,1619,3144,14625,8550,14067,14068,14069,1822,1821,16418,16417,16416,16415,16414,16413,10749,1912,1911,0,58,14759,14758,14757,14756,14755,1164,1163,1162,1161,1160,9903,6520,8460,2443,10076,9612,9611,9610,9613,9614,16081,16082,16083,16084,16080,16086,16078,16077,16085,16092,16091,16089,16090,16079,16088,16087,10671,5993,539,6577,11854,14487,4894,4893,4891,4890,4903,4902,4901,4904,4899,4898,4900,4896,4895,4897,4892,10460,11571,8528,8527,12334,14267,14266,14265,14264,11098,11090,11099,11100,11101,11102,11103,11104,11105,11106,11107,11108,11109,11096,11094,11093,11091,11097,11095,11092,3449,3963,12927,12924,12926,12923,12925,1028,1848,1737,1736,4990,4989,4992,4993,4991,4995,4994,10869,10870,10871,10872,10873,10874,1012,1125,4275,5500,211,210,209,208,212,213,214,215,216,217,11902,13232,10100,10239,111,9758,12271,9592,4715,11070,11068,11071,11069,11066,11067,163,142,11053,6684,6685,6686,6687,6688,6689,6683,6690,10311,10312,10309,10308,10307,10306,10305,10304,10310,12134,12135,5072,5071,5081,5083,5082,5080,5079,5078,5077,5075,5074,5073,5076,3480,3474,3475,3476,3481,3477,3478,3479,13963,4149,4152,4144,4147,4148,4151,4150,4146,4145,11930,11931,11300,11286,11287,11292,11295,11285,11293,11290,11291,11297,11298,11299,11289,11288,11296,11294,3965,10354,6485,4354,4355,13616,13623,13607,13609,13601,13610,13611,13621,13620,13619,13606,13618,13612,13622,13608,13613,13602,13614,13615,13604,13605,13617,13603,8235,7332,7330,7334,7331,7335,7333,11005,11006,11007,11008,11009,11010,11012,11011,11776,11775,11461,7824,4625,4624,8521,8522,8101,8100,3971,3972,6471,6470,6474,6472,6473,1842,10405,10406,16423,16420,16421,16422,16424,4224,4225,4475,4473,4474,4476,10459,10458,10119,11903,7608,7606,7605,7604,7603,7602,7601,7600,7607,7513,7512,7510,7509,7508,7507,7506,7505,7511,16181,16180,8476,11072,11073,8133,10681,10680,10679,10678,10677,10682,10683,14609,8596,8595,8594,10569,8434,8436,8437,8438,8435,8439,8441,8442,8443,8444,8445,8446,8447,8448,8440,16504,16500,16509,16506,16507,16508,16503,16505,16502,16511,16512,16513,16514,16510,16501,5675,5676,538,15840,15841,6960,6959,1349,1348,1347,1346,1345,1344,1343,1342,1341,6578,2065,2067,2068,2069,2066,14366,14365,14362,14364,14363,14361,14360,12473,40,38,37,39,36,4375,4376,4378,4380,4381,4382,4383,4377,4379,3691,3692,3690,3688,3689,10473,10476,10475,10474,10472,6619,6617,6616,6620,6618,10689,10688,10687,12461,12462,12460,12459,10952,10951,10950,10947,10948,10945,10949,10946,16094,5016,5017,5014,5018,5021,5019,5020,5013,5015,5022,3576,3577,3574,3575,3573,4906,11206,11204,11203,11202,11218,11217,11205,11216,11210,11214,11209,11213,11208,11207,11212,11211,11215,11784,12940,4370,4371,4368,4367,4366,4365,4369,4373,4363,4372,4374,4364,6644,6645,5005,3565,3566,3567,3568,3569,3570,3564,6860,4389,4388,4384,4385,4387,4390,4386,4458,4459,4461,4460,752,751,750,748,753,747,746,745,749,11016,11017,11018,11019,11020,11015,11027,11022,11028,11021,11026,11025,11024,11023,11987,11988,11989,16024,14196,14191,14192,14195,14197,14193,14194,3580,7246,13489,13486,13485,13488,13483,13481,13487,13482,13484,10505,6856,6852,6853,6854,6855,10407,12242,12243,3319,3318,3320,6958,16133,10693,10696,10695,10691,10694,10690,10692,9696,9697,9711,9698,9699,9700,9701,9714,9713,9712,9702,9709,9708,9707,9706,9710,9705,9704,9703,15895,15894,13952,4978,4977,4976,4981,4982,4983,4979,4980,4984,4988,4986,4987,4985,10224,10732,10733,10734,10735,10736,10737,10738,10739,11606,11605,11771,11770,11766,11768,11767,11769,7937,7938,7935,7936,7939,7934,7941,7940,7950,7948,7947,7946,7949,7944,7943,7942,7945,3485,3484,3483,1638,1634,1635,1636,1637,1639,1641,1640,1642,1643,1644,1645,1646,6752,6753,6754,12928,6794,6791,6793,6792,2279,2280,2281,2282,2278,2284,2283,4699,4694,4693,4705,4692,4700,4697,4691,4698,4695,4702,4701,4703,4704,4696,6797,6796,6798,7231,7229,7233,7232,7230,11885,11886,11887,11423,11424,11418,11419,11425,11420,11421,11426,11422,11417,2798,13117,13116,13119,13113,13114,13115,13111,13120,13118,13112,10138,11340,11342,11341,11333,11331,11334,11343,11344,11330,11335,11332,11339,11338,11337,11336,4969,4968,8530,6953,11363,11365,11367,11364,11366,7226,15986,15991,15987,15988,15989,15993,15992,15990,8643,16112,16113,14353,14352,14351,14350,14349,14348,5333,5332,602,601,4268,4264,4271,4263,4270,4265,4266,4273,4267,4272,4269,15531,4281,4283,4284,4282,13816,13815,13814,13813,3959,3960,3958,12141,3866,6640,15532,15533,15534,15535,15536,15537,15539,15538,7308,15587,15588,15584,15585,15586,15589,7988,7989,7991,7993,7992,7990,12488,12486,12487,12489,8359,8358,11792,10628,10627,10626,8028,238,239,236,245,244,235,240,241,242,234,237,243,232,233,2427,2417,2418,2419,2420,2416,2421,2422,2415,2423,2413,2414,2424,2426,2425,9609,9608,3317,11131,11135,11136,11137,11138,11132,11130,11133,11134,11139,14165,14163,14162,14164,14166,14159,14161,14160,4619,12625,12620,12624,12623,12619,12618,12628,12626,12630,12631,12621,12629,12632,12627,12622,4563,4249,11441,11438,11437,11440,11443,11442,11439,2475,10424,10414,10411,10426,10425,10412,10423,10413,10422,10421,10420,10419,10418,10415,10416,10417,15630,15631,15632,15629,15633,15628,10686,5024,5023,3906,3905,3909,3910,3907,3908,13101,11463,9913,9912,11063,11061,11062,11054,11057,11056,11055,11059,11058,11060,6484,6483,9628,9626,9631,9627,9629,9630,15104,15101,15105,15102,15103,12969,15492,15495,15494,15493,15491,6788,6789,6790,14521,14522,9895,9896,9897,9894,9893,9898,9899,13944,13943,13945,4808,4805,4806,4807,15923,9659,9660,83,85,84,11935,11934,11933,11936,7829,10031,4453,4456,4455,4454,4447,4448,4449,4450,4451,4446,4452,16140,2074,2073,2072,3969,3968,3966,3967,12122,12120,12121,12123,12124,12126,12125,3412,3425,3424,3423,3428,3429,3416,3430,3419,3422,3420,3421,3427,3415,3414,3417,3413,3418,3426,13098,13099,13097,13096,5113,5114,5115,5116,5117,5118,5111,5112,9805,9806,9807,591,593,590,592,10027,10029,10028,10030,15579,15583,15580,15581,15578,15577,15576,15575,15582,9694,11582,10285,11579,11580,11581,11578,12364,12365,10895,10454,11733,11732,2463,2462,11846,9818,9816,9815,9814,9813,9817,9819,13135,465,462,463,464,466,467,468,469,470,461,7761,15526,15527,15528,15529,15530,10594,13807,13811,13810,13809,13808,13812,9827,9850,9849,9848,9847,9846,9845,9844,9843,9842,9840,9839,9838,9837,9836,9835,9834,9833,9832,9831,9830,9829,9828,9841,7545,7547,7546,11553,11552,731,10894,9690,4397,4391,4398,4396,4395,4394,4393,4392,7145,15954,12416,16103,12802,13230,13697,13698,10025,4526,129,128,8137,6696,10150,1723,3128,8236,10082,10081,10080,10079,1969,4766,4764,4767,4757,4758,4759,4760,4761,4765,4763,4762,13461,13462,13464,13465,13467,13463,13466,13360,13359,13358,13100,10123,10124,12033,12032,12031,12030,12029,9651,9652,12408,12409,9826,7846,8621,8616,8617,8618,8619,8620,8613,8615,8612,8611,8622,8614,8609,8626,8610,8623,8624,8625,454,693,694,696,695,15411,15946,15939,15938,15943,15942,15941,15936,15937,15940,15945,15944,8419,7294,7296,7295,12454,12455,3597,3598,11783,11782,13415,16136,10283,10284,10282,9859,9860,13304,13303,2991,113,114,12516,6710,6709,6708,9615,4964,4965,4966,4967,9788,9786,9785,9787,9789,2349,2348,2350,2351,12979,2064,4035,4034,284,285,1719,9781,7703,13896,6493,6494,6495,6492,6491,6490,4771,9776,9777,9775,12929,10292,9716,13865,13875,13876,13874,13872,13871,13864,13870,13869,13863,13873,13868,13867,13862,13866,1970,10453,10901,10897,10898,10900,10899,3529,3531,3532,3522,3523,3524,3525,3526,3527,3528,3530,15308,15309,15311,15310,7802,7803,12662,12661,12663,11014,11013,7686,7685,7684,792,13657,13658,10480,10485,10477,10478,10483,10482,10479,10481,10484,12261,13384,10234,10230,10232,10233,10231,11756,11755,11754,11753,11759,11744,11764,11763,11762,11758,11761,11760,11757,11745,11746,11747,11748,11749,11750,11751,11752,15502,15501,4857,1075,1073,1071,1076,1077,1082,1079,1080,1081,1072,1078,1074,12867,12855,12861,12864,12865,12860,12868,12866,12859,12858,12857,12856,12869,12870,12871,12872,12854,12862,12863,9942,12585,12583,12586,12584,1730,10105,14073,14074,14076,14077,14078,14072,14075,884,893,892,891,890,889,888,887,886,885,10326,10327,10328,10325,10217,7726,4457,10323,676,673,677,679,678,675,674,12026,12025,12024,11078,11079,11080,11084,11081,11086,11082,11083,11085,6711,6712,1228,1230,1229,10002,12829,16353,10183,10184,10190,10193,10192,10181,10180,10189,10188,10179,10187,10191,10178,10177,10176,10182,10185,10186,7711,7709,7710,7708,7707,15337,11629,11628,2344,2341,2342,2343,3693,12944,12950,12948,12941,12947,12945,12943,12946,12949,12942,7842,13969,13966,13964,13967,13968,13965,10173,10174,10175,10172,10170,10169,10163,10164,10165,10166,10167,10168,10171,10276,10275,10277,10835,10836,10837,10841,10840,10842,10843,10844,10838,10839,10834,12873,12673,12672,12918,10069,15266,6568,13666,301,15610,15611,15612,15613,15614,15615,15609,15617,15616,6691,12917,4483,4477,4478,4479,4480,4485,4481,4482,4486,4484,6533,6532,6531,6524,6523,6527,6525,6534,6528,6522,6521,6526,6530,6529,6535,6536,6537,2188,2196,2195,2197,2191,2189,2194,2192,2190,2193,2734,2735,8089,948,947,946,10087,6572,6573,7738,7744,7745,7743,7742,7741,7740,7739,7737,7732,7735,7734,7733,7731,7730,7736,11449,11448,11447,11446,617,618,619,620,621,622,15559,10206,4528,4527,7955,9812,9811,9810,9809,9808,12715,12714,12717,12716,12713,11271,11272,11270,11273,11274,11278,11282,11279,11284,11280,11275,11276,11277,11281,11283,11268,11269,16572,16578,16576,16575,16579,16580,16577,16573,16574,9965,9964,9966,9967,9968,9963,4937,9322,9323,1795,1794,1792,1796,1793,1791,1800,1799,1790,1797,1798,13567,13566,13565,13564,13563,13568,13569,13570,13571,13562,6649,6653,6655,6654,6646,6647,6648,6652,6651,6650,6656,9756,6479,6480,6477,6476,6482,6478,6481,4712,4713,10499,10504,10503,10502,10501,10500,10498,10497,2514,2518,2517,2516,2515,2513,9907,9906,8828,8833,8835,8832,8837,8831,8830,8834,8829,8836,10162,7549,6755,12801,6724,6694,11607,11608,11609,11610,11612,11613,11611,2553,2551,2549,2558,2552,2556,2550,2554,2557,2555,2545,2546,2547,2548,9561,9557,9556,9560,9558,9559,8711,8700,8710,8708,8703,8698,8709,8701,8707,8704,8705,8706,8699,8702,15284,15286,15285,15283,12254,10829,10830,10833,10832,10831,6661,6660,6659,6658,6657,6663,6664,6669,6665,6666,6668,6662,6667,9927,11600,11603,11601,11602,11604,8723,8722,8721,8720,6518,6519,6517,6514,6515,6513,6512,6516,9752,9038,939,940,941,942,944,943,14318,14317,14319,14320,882,14108,5011,3896,3893,3894,3895,11810,11809,11808,11807,11805,11806,11804,11961,16108,16107,16106,16105,16104,6643,10220,10219,10218,3408,3409,3407,10286,10287,10288,6539,6541,6540,6538,16010,11985,11984,11982,11981,11983,11980,16466,16467,16229,16226,16225,16230,16231,16232,16233,16234,16235,16236,16238,16239,16224,16223,16228,16237,16227,5042,5041,5040,5039,5044,5038,5043,10103,10104,12388,12389,12390,12393,12394,12392,12391,15948,15950,15949,359,9343,9341,9340,9342,9344,9348,9346,9347,9339,9349,9350,9351,9352,9345,9338,13933,13932,13934,13935,13936,13941,13937,13940,13942,13939,13938,13741,13742,13739,13740,16542,10868,10861,10866,10865,10864,10863,10862,10867,9416,2170,2169,2171,2172,2174,2175,2176,2177,2178,2179,2180,2181,2168,2173,4870,4872,4869,4868,4867,4873,4866,4865,4864,4871,4495,4494,4493,4496,2347,8970,8969,8971,8966,8967,8965,8964,8963,8962,8961,8960,8959,8958,8968,11911,11912,13439,13440,13441,13442,13437,13443,13444,13438,13445,13436,13435,13434,13446,9943,9944,2733,6744,6745,6746,6747,6748,6749,6741,6740,6742,6743,6739,10720,10718,10717,10716,10715,10714,10722,10719,10721,10713,10723,10712,10724,10725,10726,9440,6983,6982,6981,6980,12451,9941,9308,9294,9295,9298,9297,9306,9299,9300,9301,9302,9304,9309,9305,9296,9307,9303,680,7845,7844,7843,938,937,936,935,934,932,931,930,929,928,927,926,933,924,923,925,14525,10670,35,396,397,398,399,395,9321,10970,12569,12568,12567,12566,12565,12564,12575,12574,12563,12558,12559,12562,12572,12561,12570,12560,12571,12573,10567,10564,10562,10565,10566,10561,10560,10568,10559,10558,10557,10556,10555,10554,10553,10563,6489,12847,12848,8906,8907,8908,8909,8910,8911,8905,9760,12181,12182,12183,12190,12189,12184,12185,12187,12186,12188,11527,8886,8887,10701,10708,10704,10705,10707,10706,10700,10703,10711,10697,10698,10699,10710,10709,10702,7704,7706,7705,10750,10751,10752,13540,13541,16000,15999,10408,12790,1559,1558,4772,10506,10207,3897,11727,4362,12484,6714,6716,6717,6715,6713,6562,6563,6564,6561,6565,6560,6566,6559,6567,3316,11836,11835,11834,11833,11832,10205,3782,7999,8000,7998,13725,13724,13722,13723,7388,7387,7389,7890,7891,789,790,791,11838,11839,11840,11841,11837,11845,11844,11843,11842,7492,7491,1671,9183,9184,6692,6570,6569,6571,8001,9211,9212,9472,1958,1956,1957,1959,9293,9292,9291,1386,1388,1387,1392,1383,1381,1382,1393,1391,1389,1394,1384,1385,1390,16182,11452,11450,11451,11453,11454,11455,11456,7804,10997,10998,10995,10996,3103,4587,4586,4585,4584,15699,15687,15686,15693,15692,15691,15685,15698,15690,15695,15689,15696,15697,15688,15700,15694,16099,16101,16100,16096,16097,16102,16098,15474,15488,15490,15478,15477,15479,15480,15476,15481,15482,15483,15484,15485,15486,15487,15489,15475,15473,11874,11875,11873,11876,6623,6634,6633,6630,6631,6632,6635,6629,6627,6626,6628,6622,6636,6637,6638,6621,6625,6624,24,11551,6510,13737,13950,13947,13948,13949,13951,1681,1680,1683,1678,1679,1682,15824,15823,15825,15832,15827,15828,15829,15830,15826,15831,4436,4444,4439,4438,4443,4430,4437,4442,4432,4445,4434,4441,4435,4440,4431,4433,15720,15721,15722,7480,12423,13833,13831,13834,13830,13832,4053,16171,16172,16178,16169,16177,16173,16174,16175,16176,16179,16170,15975,631,632,628,624,625,626,627,630,629,12041,13955,13954,13953,13956,12028,7951,9051,13195,13214,13194,13193,13211,13196,13212,13192,13213,13197,13198,13200,13204,13201,13208,13207,13206,13205,13210,13209,13199,13203,13202,14370,8985,8984,8983,8982,8981,14527,14529,14530,14538,14537,14536,14535,14534,14533,14532,14531,14526,14539,14528,66,16347,16339,16344,16340,16342,16341,16337,16338,16346,16343,16345,15812,13409,4778,4777,4776,4775,4774,4773,4400,16168,15711,15712,15713,15714,15715,15716,15718,15719,15709,15710,15717,4426,4421,4422,4413,4414,4415,4416,4417,4418,4423,4424,4425,4427,4428,4429,4419,4420,13645,4678,4677,4676,4675,4674,4673,4672,4671,4670,6575,6574,8885,7889,1336,13386,13387,13406,13407,13404,13405,13403,13402,13401,13408,6862,6867,6866,6865,6861,6864,6863,15457,9046,9050,9049,9045,9044,9048,9047,9043,9042,2851,16156,16155,16154,15805,15804,15797,15796,15798,15799,15795,15794,15793,15792,15791,15790,15789,15788,15800,15803,15801,15786,15802,15806,15787,13356,862,4530,4529,1256,1255,1257,8756,8752,8753,8750,8754,8755,8751,1410,13736,13735,13734,1852,1855,1854,1851,1853,16380,6771,6774,6778,6772,6776,6775,6779,6777,6773,6770,6769,14476,13860,13861,16022,15777,15776,15779,15778,15768,15766,15767,15764,15765,15770,15769,9446,15708,15707,11962,9453,9452,9450,9449,9454,9451,9455,9457,9458,9459,9460,9461,9462,9463,9464,9465,9466,9467,9468,9456,9448,15655,15656,15653,15650,15654,15651,15652,15649,14509,14496,14497,14498,14499,14500,14501,14502,14503,14507,14506,14508,14505,14504,14495,14494,14510,14511,623,15808,15809,1035,13128,8806,8807,1333,16165,13576,13577,13583,13582,13581,13580,13578,13579,13574,13573,13572,13584,13585,13575,13586,13588,13587,2297,2296,7126,7125,16558,16557,16562,16561,16559,16552,16560,16553,16554,16555,16556,16564,16563,16565,16566,16567,16568,10728,10731,10730,10729,13530,13535,13536,13527,13526,13524,13523,13522,13521,13525,13528,13534,13532,13537,13529,13539,13533,13538,13531,1340,14367,9007,9003,9006,9005,9008,9004,8997,9001,8996,9000,8999,9009,8998,9002,9010,9018,9019,9024,9023,9021,9020,9011,9017,9022,9015,9014,9013,9012,9016,14158,6558,16494,2785,13838,13837,1140,13962,51,49,41,42,48,47,46,45,44,43,50,11382,11388,11389,11383,11387,11386,11384,11385,3702,3706,3705,3703,3700,3704,3701,16134,9248,1436,1437,1435,1438,6639,541,15684,6718,6720,6719,6721,6722,11149,11162,11161,11160,11159,11157,11156,11155,11154,11153,11152,11141,11142,11151,11143,11144,11145,11146,11148,11150,11147,11158,15143,15144,15145,15807,9122,4093,4100,4094,4099,4095,4101,4096,4102,4103,4097,4098,16314,16313,16312,16311,16310,16309,8921,8920,8919,8922,8918,8923,8916,8915,8914,8913,8912,8917,9378,9376,9377,9379,8196,8187,8197,8195,8198,8186,8194,8190,8191,8185,8192,8193,8184,8189,8188,1277,1276,10593,4582,4583,12272,16440,9245,16483,16484,3970,1698,10228,8852,16391,6598,6597,6596,6599,9289,98,97,103,99,100,102,101,5002,5000,5001,4999,5003,4997,4998,4996,5004,14070,7974,7969,7970,7978,7971,7972,7973,7967,7975,7976,7979,7977,7968,14119,14120,14122,14118,14116,14121,14117,1139,1138,1137,3828,3827,3833,3832,3830,3826,3831,3825,3829,12930,12931,1124,12457,12456,8904,3675,3676,3677,3678,3679,3685,3680,3681,3674,3683,3684,3687,3682,3686,12938,12932,12933,12934,12935,12936,12937,12939,560,3596,3595,8748,15998,8551,13515,13510,13514,13513,13508,13507,13512,13511,13506,13509,8881,6168,6171,6170,6169,10438,1090,1091,11785,11786,11787,11788,11789,1362,1360,1359,1358,1365,1357,1363,1364,1361,2161,13672,13671,13670,13673,13681,13669,13668,13667,13674,13683,13682,13684,13675,13676,13679,13677,13678,13680,3224,13885,9326,9332,9331,9329,9328,9327,9325,9330,8980,3846,14103,14106,14104,14105,14107,1045,1046,1047,1048,1044,1049,1043,15270,15269,15272,15268,15271,15273,8853,8638,8637,8639,9333,6837,6838,6836,6839,6840,6835,6834,14000,14003,14002,14001,13999,14004,12027,8768,8763,8764,8766,8765,8767,14008,14005,14006,14016,14007,14022,14015,14014,14012,14013,14010,14009,14018,14019,14020,14021,14011,14017,7371,13501,9470,9505,9506,5092,5091,5090,5093,5088,5089,3962,9123,14475,15864,15863,15875,15874,15873,15869,15866,15861,15862,15865,15870,15876,15871,15868,15867,15872,15838,15837,15835,15834,15833,15836,2849,112,13517,13516,6701,6702,6700,6699,6703,6698,6704,962,961,960,8858,8856,8859,8857,8860,8854,8855,6465,6468,6460,6459,6461,6463,6464,6469,6467,6466,6462,12679,12680,12678,12681,2159,2157,2158,13410,8406,1690,1688,1689,7772,7771,7770,7769,4641,4640,4627,4628,4629,4630,4639,4631,4638,4637,4636,4635,4634,4633,4632,1371,1375,1373,1374,1366,1376,1368,1367,1372,1369,1370,2137,2136,2135,2138,2134,2133,2132,9890,12249,332,338,333,341,340,339,334,335,336,337,4154,4155,4156,4157,2203,2205,2206,2207,2202,2204,1916,1915,1921,1917,1925,1926,1927,1928,1929,1924,1922,1923,1920,1919,1918,8361,1879,1878,16131,2035,10072,16550,16549,16551,11888,11892,11891,11890,11889,8003,8005,8004,1105,1102,1098,1109,1108,1111,1106,1101,1099,1110,1100,1103,1104,1107,15172,4024,4025,4027,4028,4029,4030,4026,4023,16121,14113,14112,14110,14111,14115,14114,3312,3311,3313,3314,149,79,78,80,11381,11380,11378,11379,223,227,228,224,225,221,229,222,230,226,13895,13894,12784,12783,12782,12774,12775,12776,12781,12780,12779,12777,12778,8012,8011,8013,8014,8016,8017,8018,8015,12410,7751,7752,7759,7758,7757,7760,7750,7755,7754,7753,7756,3147,3148,3268,3269,3270,3265,3267,3266,8357,10351,108,109,106,107,110,14109,16111,8008,8010,8009,15952,15951,15953,13430,13429,13428,13427,14095,14097,14090,14091,14092,14093,14096,14094,14098,14099,609,610,606,605,608,607,1815,13556,13555,13557,13561,13558,13559,13560,13144,13136,13146,13143,13142,13145,13141,13139,13147,13138,13137,13140,11532,11533,11534,11535,11531,14474,14284,14281,14282,14280,14279,14285,14283,14286,3215,3216,3217,3207,3202,3211,3210,3212,3209,3208,3214,3213,3205,3204,3203,3206,16144,15976,15977,15978,15979,15980,15981,318,11868,11856,11872,11871,11870,11869,11867,11866,11865,11864,11855,11862,11863,11861,11860,11859,11858,11857,12952,12953,1866,14422,12703,12706,12704,12701,12705,12702,12700,12695,12698,12696,12694,12693,12692,12699,12697,10907,10906,10905,16548,9663,5062,14133,14136,14134,14132,14131,14135,14130,15783,15780,15784,15781,15782,12609,14040,14038,14037,14036,14039,15900,15901,15902,1089,13946,12513,12509,12515,12510,12511,12512,12514,400,15246,15244,15242,15245,15241,15240,15243,2042,2825,15970,14434,14435,14437,14436,16005,16004,15839,4905,13385,15391,5064,5063,5068,5069,5066,5070,5065,5067,14391,14392,14393,2245,11640,4626,72,68,77,69,71,73,75,74,70,76,15956,15955,13102,81,2270,5762,5763,2975,12671,1338,13553,13554,13552,9523,9522,9524,7701,7702,12688,12689,12894,12886,12898,12895,12896,12897,12904,12892,12893,12890,12903,12905,12906,12902,12901,12900,12891,12887,12889,12888,12899,9595,16541,13847,13051,15903,1030,1029,1031,1032,10676,10675,10674,16002,16001,16003,7823,7822,963,9820,168,166,167,165,169,170,171,164,16118,16119,16120,1577,945,1593,1595,1594,13738,9926,13420,13419,11803,12986,13643,5264,15927,15925,15926,15928,15924,1244,10814,918,917,919,357,356,355,231,13073,13069,13072,13068,13074,13066,13070,13065,13064,13063,13075,13067,13071,13719,13718,13717,13720,13716,13721,9540,9541,9535,9534,9533,9532,9538,9536,9537,9539,9542,9543,9544,9545,10859,10860,966,965,964,15983,7906,7899,7898,7903,7902,7901,7900,7905,7904,8692,8694,8695,8696,8693,8690,8682,8683,8684,8685,8691,8689,8686,8687,8688,10439,14056,14049,14048,14047,14046,14042,14057,14050,14051,14043,14058,14055,14044,14054,14052,14053,14045,6233,6232,6231,13959,13958,13961,13957,13960,1009,15896,10634,10629,10630,10631,10632,10633,10635,14371,14377,14376,14372,14373,14375,14374,14378,14379,703,702,701,704,12421,12418,12420,12419,9792,15566,1467,1468,12909,9288,9287,16516,9387,9386,5946,5947,5948,5950,5949,5951,13085,9118,9117,15297,15296,15295,15298,15293,15292,15291,15290,15289,15294,9605,9602,9606,9601,9603,9604,9600,12517,12518,11305,11304,11306,11307,5618,6937,3847,10077,13284,16569,5493,10158,10159,10160,10161,10157,5765,5766,5767,12767,12768,12766,12765,12773,12764,12763,12762,12761,12772,12771,12770,12760,12769,16164,8995,6254,9492,9483,9484,9485,9486,9487,9494,9495,9496,9497,9488,9493,9489,9491,9490,10463,14472,14471,14470,14459,14460,14461,14462,14464,14463,14465,14466,14469,14468,14473,14467,9415,9657,9156,14455,14216,9473,1775,13886,16395,3535,3964,4910,5867,5868,9641,9638,9637,9639,9633,9634,9635,9642,9640,9636,16399,16400,16398,16397,10362,13897,13898,346,353,352,351,350,349,348,347,343,342,354,345,344,5393,15525,15524,15504,15503,15514,15520,15513,15506,15519,15507,15518,15517,15508,15515,15509,15511,15512,15505,15522,15516,15521,15510,15523,12967,12968,5178,5177,5171,5175,5173,5172,5176,5174,6260,6259,6258,6257,5874,5875,5876,60,8976,8973,8974,8975,8979,8978,8977,8972,6373,6374,6372,6371,6370,6375,15967,15962,15963,15958,15957,15960,15961,15965,15968,15959,15964,15966,9780,13431,16404,8749,10636,9504,5261,12852,15563,15561,15564,15562,15565,15560,16479,12919,12921,12920,12922,1504,1501,1503,1505,1502,4683,4682,4684,4679,4681,4680,12647,12633,12634,12635,12649,12636,12637,12640,12648,12641,12642,12644,12645,12646,12639,12643,12638,3495,1153,5713,5712,5703,5702,5704,5701,5700,5711,5699,5705,5709,5708,5707,5706,5710,6164,6165,6166,6167,6400,13168,13167,62,63,16448,16452,16447,16453,16450,16449,16451,16446,16445,16443,16444,8884,8883,8882,16396,5304,16127,16126,16125,16128,7175,7176,7177,7174,7184,7188,7185,7186,7187,7178,7189,7190,7181,7179,7180,7183,7182,7191,5449,5450,5451,5452,5453,5448,5455,5454,9193,9185,9194,9192,9191,9187,9189,9186,9190,9195,9188,16264,16384,5213,6044,16206,16207,16208,16205,5401,5402,10448,10444,10446,10443,10442,10441,10440,10445,10447,6294,6299,6293,6296,6297,6298,6295,6262,9665,9666,1777,12471,12472,15373,15362,15361,15374,15371,15375,15370,15366,15368,15363,15367,15364,15365,15376,15377,15369,15372,9469,9979,9978,9977,9980,9981,5954,5678,5677,16272,16271,4518,4519,4520,4521,4522,4524,4525,4517,4523,6379,6378,6377,6376,12908,9972,16468,16476,16475,16473,16472,16471,16470,16469,16474,9682,9683,9684,9685,9686,9687,12580,12579,10318,10317,10319,10315,10314,10313,10316,10024,10023,10022,10021,11826,11827,13646,13656,13647,13654,13653,13648,13649,13650,13651,13655,13652,16349,16350,16348,16351,16454,16455,8838,8839,8840,8841,8842,8843,8844,8845,8846,16381,16382,16383,6268,6265,6264,6267,6266,10385,10384,16388,16386,16387,1243,1242,9681,6234,8697,9521,10203,10202,10201,1696,1697,5693,5803,5804,5805,5802,5341,5340,5339,5344,5345,5353,5346,5347,5348,5349,5352,5354,5355,5342,5343,5351,5350,16259,16260,16261,16055,16054,16053,16056,16046,16047,16048,16057,16058,16059,16060,16049,16050,16051,16061,16052,16527,16525,16526,9921,9920,9919,9923,9922,9925,9924,4934,4935,4936,5979,16408,16405,16406,16407,8675,8674,8677,8673,8672,8676,8670,8667,8668,8669,8671,2787,6998,6997,9041,9040,1427,1426,16442,4714,5629,16276,16277,16188,16192,16191,16190,16189,16193,16194,13981,13982,13980,7146,16401,14321,14322,14323,14324,14326,14325,4293,4296,4299,4295,4298,4297,4292,4294,4291,16258,16256,16257,16255,12554,12553,5168,5169,5499,13395,13392,13393,13394,13396,13391,16480,8724,904,915,914,913,912,911,910,909,908,907,905,903,906,6102,6100,6103,6101,6317,6316,10250,10246,10249,10248,10247,6270,6271,2085,2088,2087,2084,2086,13433,13432,358,4933,13447,13451,13450,13448,13449,14369,14368,16394,104,1984,8663,8650,8651,8664,8653,8662,8654,8655,8656,8665,8657,8658,8659,8666,8661,8660,8652,15276,15277,15275,1402,1401,1400,4689,4688,4755,4753,4756,4750,4749,4752,4751,4754,5297,10145,10139,10149,10148,10146,10144,10143,10147,10141,10140,10142,949,950,6440,6441,6432,6439,6431,6433,6438,6428,6427,6429,6426,6436,6434,6430,6437,6435,6424,6425,11996,11995,11997,11998,11999,12000,12001,11994,12003,12002,12005,12004,11993,15274,10684,10685,2227,13034,15339,2896,2285,15288,15287,15279,15280,15281,15282,15278,15344,15343,15345,15341,15340,15342,14423,14428,14424,14427,14426,14425,5461,5463,5462,5464,5465,5466,14309,14308,14310,14307,6236,5517,16528,16532,16531,16530,16529,8432,12347,12348,12350,12349,12352,12353,12354,12351,5984,5986,5987,5988,5985,6239,11723,11722,11720,11719,11718,11724,11721,5268,5267,5269,5266,5271,5265,5270,10102,10101,15335,15334,11088,6546,6545,6544,6543,6542,6547,6556,6549,6550,6551,6552,6553,6554,6555,6557,6548,5698,672,5591,1563,6511,12384,12383,6283,6284,6286,6287,6288,6285,6162,5227,5214,5230,5229,5215,5216,5217,5218,5219,5228,5221,5222,5223,5224,5225,5226,5220,5628,5623,5622,5627,5624,5625,5620,5619,5626,5621,5829,5828,5830,5831,5832,11963,2209,2210,13696,8327,8328,8329,8330,8251,8250,8255,8254,8253,8252,2125,2131,2130,2129,2128,2127,2123,2124,2126,12250,4733,4736,4734,4737,4735,9886,9865,9864,9863,9862,9885,9889,9875,9861,9880,9879,9870,9878,9869,9887,9877,9876,9881,9868,9874,9883,9866,9873,9871,9882,9872,9888,9867,9884,7897,1451,1452,1453,1309,10376,13367,13366,13365,12382,12381,12380,12379,6994,3356,3359,3352,3353,3354,3357,3358,3355,12808,1768,9365,14168,14169,4962,4963,4961,4960,4959,4958,4957,4956,1624,10156,15329,15312,15313,15314,15315,15316,15317,15318,15319,15320,15321,15322,15323,15324,15325,15326,15327,15330,15328,5769,6045,6046,921,5520,5518,5519,5521,184,183,181,182,14291,134,847,6845,1613,1614,1615,1616,1617,1676,13976,13971,13974,13973,13972,13977,13975,13978,13979,1776,8218,13893,13892,13891,13890,13889,13887,13888,4020,4021,5885,5891,5889,5890,5887,5886,5888,9482,6172,219,218,1278,916,1464,1463,10363,10364,10369,10366,10365,10367,10368,10371,1568,15260,15259,15258,15257,15256,15253,15254,15255,13086,10128,10134,10135,10136,10137,10133,10132,10127,10130,10129,10131,6358,12046,12050,12051,12047,12048,12049,12045,12042,12053,12054,12055,12044,12056,12057,12052,12058,12043,13381,14431,14430,14429,582,6238,9904,9905,283,3881,3878,3882,3880,3876,3885,3886,3877,3875,3874,3884,3879,3883,715,8492,8486,8487,8488,8489,8490,8497,8496,8491,8493,8494,8495,1273,13882,13883,13880,13881,3652,3653,3651,9664,8850,8849,8848,8847,8851,653,652,668,670,667,655,660,659,666,669,662,654,656,657,661,663,665,664,658,10278,10153,2248,2247,2249,1630,3946,524,9555,12803,12804,12805,12806,9656,130,131,132,5161,5160,5156,5157,5158,5159,543,544,9962,7928,7927,7926,7929,7933,7932,7931,7930,7925,7924,5943,5944,5945,143,144,148,146,147,145,1378,1377,5880,5882,5883,5881,5879,5878,1148,1145,1147,1146,1143,1142,1141,1144,714,713,712,711,6163,4623,4622,4621,4620,9064,9232,9231,9227,9234,9228,9230,9233,9229,5445,5444,5446,5447,5443,5442,5441,5440,5439,5438,5437,5436,14287,5007,5008,5010,5009,5006,115,116,117,118,124,119,120,121,125,126,127,123,122,9822,9383,9382,9384,9385,9381,3399,3401,3402,3403,3404,3388,3405,3400,3406,3398,3389,3394,3393,3392,3391,3390,3395,3396,3397,9417,7228,12748,12746,12759,12758,12756,12755,12757,12753,12754,12749,12747,12751,12752,12750,1701,9518,9519,9520,13055,13056,13057,13058,10672,10075,10074,10073,9661,12799,12800,12798,12797,12796,12795,9549,9550,9552,9551,9554,9553,1982,4118,16499,16498,4011,4009,4010,4012,4008,4014,4007,4013,9210,9204,9201,9208,9207,9202,9203,9206,9205,9209,9199,9198,9197,9196,9200,14458,14456,14457,13884,8183,8166,8167,8168,8161,8169,8170,8171,8172,8173,8164,8175,8174,8163,8162,8178,8179,8180,8165,8181,8182,8176,8177,8879,8878,13279,4690,16218,16219,16215,16222,16221,16220,16217,16214,16216,16213,16212,16211,16210,8772,8770,8773,8775,8776,8777,8778,8779,8780,8769,8771,8774,8781,8782,8783,8785,8784,12683,12684,12685,12686,12687,12682,91,86,87,88,92,93,94,95,96,90,89,8295,8294,8293,16166,9658,1699,15385,15386,15387,8868,8869,8870,8871,8872,8873,8875,8874,8867,13025,13026,13027,13033,13032,13023,13022,13028,13029,13024,13019,13020,13021,13030,13031,10847,10854,10858,10857,10848,10849,10850,10851,10852,10853,10856,10855,6011,6009,6010,6012,4826,4828,4829,4830,4832,4833,4848,4847,4846,4845,4844,4843,4831,4842,4839,4838,4837,4836,4835,4834,4840,4841,4827,2250,16138,16137,16139,9098,9095,9099,9096,9101,9097,9100,9394,9399,9398,9397,9396,9395,9393,9400,9391,9390,9389,9392,10727,15252,8738,8739,8740,8741,8742,8743,8744,8745,8746,8747,8736,8737,10035,4508,562,563,561,8877,12476,12477,9909,7997,9241,9240,9243,9242,8095,8096,8097,8098,16372,16371,16367,16369,16364,16363,16368,16370,16365,16360,16373,16379,16378,16362,16377,16376,16375,16366,16361,16374,16359,1249,1254,1251,1248,1252,1250,1247,1253,1245,1246,12176,12174,12175,9514,9507,9508,9515,9513,9510,9511,9509,9512,1677,251,250,67,16163,13732,12294,12293,12295,7910,12834,12833,12831,12832,7514,7516,7515,12691,12690,1469,13665,10668,2260,2254,2255,2256,2258,2253,2257,2259,2251,2261,2252,5386,5385,5384,5383,5382,5379,5380,5381,7892,7893,7894,7895,7896,13704,13699,13703,13700,13712,13711,13702,13709,13708,13707,13706,13705,13701,13710,12178,7805,5210,5207,5206,5211,5205,5204,5203,5208,5201,5202,5199,5198,5197,5196,5195,5194,5200,5209,599,7797,7796,9116,12474,12475,7223,61,2782,200,201,206,185,202,203,193,194,195,187,188,189,190,196,191,192,205,197,198,204,199,207,186,8814,8818,8817,8816,8815,8819,8820,7683,2786,13382,1447,3822,13095,13088,13093,13092,13091,13090,13089,13087,13094,16543,16544,16546,16547,16545,11558,15984,15934,15636,15637,15639,15638,15724,15727,15730,15731,15732,15733,15734,15735,15726,15725,15729,15723,15728,15739,15738,15737,15736,14233,14224,14225,14226,14227,14228,14229,14230,14231,14232,14223,3756,3754,3753,3752,3751,3750,3757,3762,3749,3748,3758,3747,3759,3760,3761,3763,3755,13183,13172,13171,13173,13174,13175,13176,13177,13178,13170,13179,13180,13181,13182,13184,13185,10658,10656,10655,10659,10652,10657,10660,10667,10662,10666,10663,10653,10664,10665,10661,10654,16517,16518,16519,16524,16520,16521,16522,16523,289,296,295,298,294,288,293,297,299,300,292,291,290,12061,12062,12063,12080,12059,12060,12076,12066,12067,12068,12069,12070,12071,12072,12073,12074,12075,12077,12078,12081,12064,12065,12079,3558,3561,3557,3556,3555,3554,3553,3552,3551,3559,3549,3550,3548,3560,9411,9414,9412,9410,9409,9413,9408,9407,9406,9405,2167,9115,1003,1002,1006,1001,1004,1005,10617,10622,10624,10625,10621,10610,10620,10611,10612,10619,10613,10614,10618,10615,10616,10623,9424,9436,9426,9427,9428,9429,9430,9431,9432,9433,9434,9437,9438,9439,9425,9423,9435,9421,9422,11945,11944,11943,8957,8989,7856,7855,12954,12955,1812,12413,580,574,579,575,572,573,578,576,577,8991,8990,8994,8992,8993,3538,3539,3537,3536,12578,671,12241,5797,5794,5796,5793,5792,5790,5789,5788,5798,5799,5795,5800,5801,5791,13035,9067,9068,9070,9071,9072,9069,9077,9073,9076,9075,9074,5316,8880,1567,1566,1565,15880,15881,15890,15889,15885,15882,15884,15886,15887,15883,15888,12964,12963,12962,12957,12961,12960,12959,12958,12956,9103,9104,9102,8801,8804,8803,8802,8800,8799,8797,8796,8795,8794,8793,8789,8792,8790,8791,8798,710,3448,16439,4606,4608,4609,4610,4611,4612,4607,4613,13370,9065,9066,12547,177,176,172,179,178,174,175,173,9078,9625,1284,1285,1286,1287,9337,8864,8861,8862,8865,8863,8866,4801,4799,4800,4798,9441,16040,6411,8987,8988,12414,9030,9029,9032,9033,9034,9035,9037,9031,9036,13002,12998,12996,13001,13000,12987,12988,12989,12999,12990,12991,12992,12997,12993,12994,12995,4685,4687,4686,9112,9105,9106,9107,9108,9109,9110,9114,9113,9111,8950,8953,8952,8948,8949,8951,9172,9169,9168,9163,9178,9182,9177,9176,9167,9179,9175,9166,9165,9174,9170,9173,9171,9164,9181,9180,29,28,27,6149,5278,5282,5281,5284,5275,5276,5283,5279,5277,5280,9363,9358,9361,9360,9359,9353,9357,9354,9355,9356,9362,5975,5976,375,376,8941,8942,8939,8938,8940,8944,8945,8946,8947,8936,8935,8934,8943,8937,10456,5045,5046,5047,5048,5049,5050,5053,5052,5054,5055,5056,5051,5057,5058,5059,5060,3533,14255,9471,5504,5872,5356,5357,5359,5360,5361,5363,5362,5358,5364,5366,5365,12355,9062,9063,2875,14302,14306,14305,14304,14303,5262,9546,9547,12244,13908,13906,13909,13910,13912,13907,13905,13913,13904,13901,13903,13899,13915,13902,13900,13914,13911,8986,8523,5772,5771,5770,5785,5778,5779,5775,5784,5777,5780,5786,5781,5782,5783,5787,5776,5773,5774,12490,16412,16411,16410,10329,14167,5324,5325,5323,5322,5321,5320,9447,12718,249,15307,15299,15305,15306,15300,15302,15303,15304,15301,10487,10486,10488,1865,8787,8786,8788,699,253,9088,9094,9093,9087,9091,9092,9090,9089,9085,9084,9086,6392,6388,6389,6390,6391,6382,6381,6393,6383,6385,6394,6384,6386,6387,12467,12468,12469,15247,5964,5963,5962,5966,5972,5965,5971,5970,5967,5968,5969,9364,5470,5467,5468,5469,12325,12321,12322,12323,12324,12789,581,564,566,567,568,565,569,571,570,11645,11644,11643,11642,11641,1608,1607,1611,1610,1609,1612,8890,8888,8889,8903,8892,8901,8902,8891,8899,8898,8897,8896,8895,8900,8893,8894,12127,12128,12129,12130,12132,12131,1709,12436,12437,12438,12434,12440,12430,12442,12431,12432,12441,12433,12435,12439,16153,16151,16150,16149,16146,16147,16148,16152,12205,12207,12208,12209,12210,12212,12206,12213,12214,12215,12216,12217,12211,12204,12194,12202,12195,12196,12197,12201,12200,12199,12198,12203,15336,16129,16130,9244,4779,16385,15173,9653,6301,9371,483,482,486,485,484,252,1280,1279,1283,1282,1281,12297,13664,13663,13662,5528,5527,5529,5530,9580,1136,6016,6014,6015,6013,5816,5808,5809,5810,5815,5814,5807,5813,5811,5812,10107,12527,12526,16160,3716,3718,3722,3717,3724,3723,3720,3721,3725,3719,6261,12040,9159,9161,9160,9158,9157,9162,1708,11986,15359,10004,10003,10006,10007,10008,10005,6291,6289,6292,6290,551,553,554,549,555,548,547,546,556,552,550,559,558,557,9673,9680,9679,9672,9668,9669,9676,9670,9674,9671,9678,9675,9677,879,880,4016,4017,4015,9791,15220,12424,12426,12425,3915,3914,13227,13219,13220,13221,13222,13223,13215,13216,13224,13225,13226,13217,13228,13218,13229,1754,10111,10109,10108,10114,10113,10112,10110,10121,16315,16321,16320,16319,16322,16317,16316,16318,10099,12009,12008,9763,9774,9764,9765,9773,9766,9767,9761,9772,9768,9762,9771,9769,9770,2746,15221,15223,15222,13627,14515,14514,14516,14512,14513,14150,14151,14152,8805,12422,9403,9402,9401,9404,3512,7494,7495,5390,5391,5392,5389,863,9119,16013,16014,16015,16017,16016,16020,16018,16019,16012,9779,8641,8640,11964,11965,11966,11967,700,1835,1834,1836,1832,1831,1828,1829,1830,1833,3540,3541,16571,16570,12232,12233,9334,14347,14345,14344,14339,14346,14340,14341,14343,14342,9246,10043,10044,10041,10050,10040,10045,10039,10046,10047,10038,10049,10037,10042,10048,10055,10051,10056,10054,10057,10052,10053,9475,9476,9477,9478,9479,9480,9481,16515,4907,9858,13692,13693,13694,13691,13690,13689,13688,13687,13686,13685,6421,9994,16426,12218,12219,12220,16393,16392,16581,16583,16582,13600,13598,13597,13596,13595,13594,13593,13592,13591,13590,13589,13599,13400,13399,13397,13398,13036,13040,13037,13038,13050,13048,13047,13046,13045,13044,13043,13042,13041,13049,13039,9420,9419,9418,384,378,377,383,382,386,381,389,385,379,387,380,388,390,15333,15332,15741,15742,15751,15750,15747,15748,15746,15743,15752,15744,15749,15753,15745,15755,15754,15756,12149,12148,12150,13714,13715,13713,9474,1331,8284,8272,8271,8274,8256,8273,8275,8282,8281,8276,8277,8278,8279,8280,8257,8283,8258,8267,8260,8266,8261,8262,8263,8265,8264,8268,8259,8269,8270,1320,1319,15705,15706,15702,15703,15704,13849,13850,13852,13853,13854,13855,13856,13857,13848,13851,10302,10300,10301,10293,10295,10296,10294,10298,10297,10299,460,373,374,371,370,372,5274,5273,8932,8931,8930,8929,8928,8927,8926,8933,8924,8925,12006,12007,15608,15607,15606,15605,15604,802,9445,9442,9443,9444,9498,6091,6090,6093,6094,6095,6096,6097,6092,6098,15814,15813,15815,15816,15818,15817,525,9516,6235,9654,13835,4537,5679,5681,5680,3259,3260,3261,3262,3263,3264,3258,14059,14061,14062,14063,14064,14065,14066,14060,328,329,331,330,6357,15785,5533,5667,9548,14449,14448,14447,14446,14445,14440,14443,14442,14450,14441,14439,14444,14451,14453,14452,14454,12162,12161,12165,12164,12160,12172,12163,12168,12169,12170,12171,12166,12167,12173,9499,9500,9501,9502,9503,5994,6004,6003,6002,6001,5999,6000,6005,5998,5997,5996,5995,6006,9252,9249,9250,9251,9259,9260,9254,9258,9261,9262,9263,9264,9265,9253,9266,9268,9269,9256,9255,9257,9267,8219,9311,12357,10552,10547,10546,10551,10543,10542,10541,10540,10539,10538,10544,10548,10550,10549,10545,9689,6047,6051,6050,6049,6048,1867,3179,6269,6410,16497,15701,5460,8088,5918,3988,2083,2082,7852,7853,7854,11520,11525,11524,11523,11522,11521,11526,5255,5250,5257,5258,5259,5260,5256,5253,5254,5251,5252,319,281,282,423,426,425,424,420,421,415,416,417,422,419,418,5550,5540,5541,5542,5543,5544,5545,5546,5547,5548,5549,5537,5536,5535,5539,5538,5551,5563,5562,5561,5560,5559,5557,5558,5555,5554,5553,5552,5556,3563,3562,5884,9216,9217,9215,9218,9219,9220,9226,9225,9224,9223,9214,9213,9221,9222,1487,1485,1495,1486,1493,1492,1491,1490,1494,1488,1489,14338,5368,5369,5377,5376,5378,5374,5373,5372,5371,5370,5367,5375,7911,12853,14337,15196,15195,15194,822,10117,10116,14336,4953,4951,4950,4949,4948,4952,4947,4946,4945,4944,4943,4942,4941,4940,4954,4955,4939,2001,2005,2004,1999,2000,2003,2002,14234,14235,14236,3983,6161,6160,6159,6153,6158,6154,6155,6156,6157,14328,14327,14329,14330,15216,15217,15213,15212,15218,15219,15214,15199,15211,15210,15209,15208,15207,15206,15197,15204,15203,15202,15198,15201,15200,15205,15215,13823,15892,15891,7227,1586,8334,5162,5163,15249,15251,15250,9366,9369,9367,9368,8109,8110,8108,15360,15349,15346,15348,15347,15350,15918,15917,15915,15914,15913,15919,15909,15911,15906,15905,15904,15912,15916,15920,15907,15908,15910,7298,361,362,363,365,366,367,360,364,369,368,697,698,2807,5973,5974,15932,1930,1931,1932,1933,1934,1935,1936,1937,1940,1938,1939,15174,12327,12326,15357,15355,15354,15356,15352,15351,15353,13695,990,4858,180,15239,15238,15237,15236,15235,15234,15233,15224,15231,15230,15229,15226,15228,15227,15232,15225,2010,2012,2009,2013,2011,15683,15682,15681,15680,15679,15678,15669,15670,15676,15675,15667,15674,15673,15672,15668,15671,15677,15248,15358,15191,15176,15188,15187,15186,15185,15192,15193,15175,15184,15183,15182,15181,15180,15179,15178,15177,15189,15190,12485,15267,6352,6356,6355,6354,6353,6348,6351,6350,6349,8238,8237,10457,4037,4036,10595,10596,10603,10598,10609,10608,10607,10606,10597,10604,10605,10601,10600,10599,10602,11955,11954,9370,12453,7169,7165,7166,7167,7168,7171,7170,6083,6084,6085,6086,6087,6088,6089,8099,5877,9388,12415,4861,4859,4860,4862,4863,15935,6339,6336,6335,6334,6333,6332,6331,6330,6329,6328,6327,6326,6337,6338,6325,4716,1778,1779,12302,12299,12301,12300,14031,14024,14023,14026,14028,14032,14030,14029,14025,14027,13822,13821,12851,12850,12849,3821,3820,3819,3818,1070,1069,258,266,259,257,256,255,260,254,261,268,269,267,265,264,263,262,6420,6419,6418,6417,6416,6414,6415,6413,5931,5938,5933,5930,5929,5928,5934,5927,5926,5935,5936,5937,5932,5939,5940,5941,3304,3306,3307,3308,3309,3305,3302,3303,3310,604,603,12555,12556,1733,1732,1734,1731,1729,1728,1727,1726,1724,1725,8107,3360,12581,12226,1019,1020,1016,1015,1018,1014,1017,14253,14252,14251,12407,1942,1941,1954,451,452,453,449,448,447,440,441,442,443,444,450,445,446,1414,1412,1418,1413,1417,1415,1416,12520,12521,12522,12524,12523,869,872,873,864,868,867,866,870,865,876,877,878,871,874,875,487,5435,5434,12531,7680,7679,1627,1626,716,6723,481,479,477,476,474,475,480,473,472,471,478,6697,10195,10196,10197,10198,13492,13491,13490,13493,13494,13495,13496,13497,13498,13499,13500,391,392,393,394,2857,2858,2859,2856,2861,2860,11878,14220,14219,14221,14222,14218,14483,14482,14481,14485,14480,14484,14478,14477,14479,15772,15773,15774,15775,15771,8540,16117,12245,12246,12247,5319,12084,12083,11000,11001,10999,302,12179,12180,12504,12458,1223,1222,1226,1221,1220,1219,1227,1225,1224,12657,12658,4515,4516,4514,4513,4512,4511,4510,4509,3494,3493,3492,3491,3486,3490,3489,3488,3487,1735,3450,3451,13281,13282,13280,2071,2070,12429,12427,12428,12507,12506,12505,4770,4768,4769,4668,4669,4663,4665,4661,4660,4654,4666,4659,4667,4662,4664,4656,4657,4655,4658,3868,3869,3867,15762,15763,15757,15758,15759,15760,15761,13859,13858,1328,1329,1327,6486,611,8813,8809,8810,8811,8812,8808,11653,11652,11651,11650,11654,1259,1260,1261,16495,16496,1024,1023,13550,13551,13733,15634,10332,10344,10343,10342,10341,10340,10339,10338,10337,10336,10335,10334,10333,10347,10348,10330,10331,10345,10346,510,509,522,523,515,514,513,512,511,501,502,517,519,520,518,504,521,503,507,508,506,505,516,1757,1756,8629,8633,8632,8631,8630,15460,15459,15458,1772,2947,2938,2939,2940,2949,2941,2937,2936,2943,2944,2945,2946,2942,2948,1290,1769,12721,12719,12720,12116,12117,12118,12119,647,644,643,642,641,640,635,634,645,636,637,633,646,639,648,649,651,650,638,1272,1269,1263,1264,1266,1268,1271,1270,1265,1267,4707,4709,4706,4708,688,681,682,684,685,686,683,689,690,687,1432,5955,12036,8719,15472,15467,15468,15469,15470,15471,15466,11949,11948,11951,11947,11953,11952,11946,11950,16534,16533,16536,16540,16539,16538,16537,16535,12155,12156,12154,12158,12159,12157,12034,12035,10353,326,323,325,321,327,324,322,12611,12614,12615,12613,12612,12610,12846,12481,12482,12483,15740,6475,1562,8729,8735,8734,8733,8732,8731,8730,15810,15811,15558,11991,11992,5488,5487,5486,5485,5484,5483,5482,5481,5490,5491,5492,5489,5480,5479,1992,1991,1990,1989,1988,1987,1986,1985,7763,3975,3976,3977,3979,3978,3973,3980,3974,3981,846,8244,8245,8246,8247,8248,8243,8239,8240,8241,8249,8242,6695,7995,7996,7994,542,15662,15663,15659,15660,15661,15658,15665,15666,15664,5338,14250,1691,1692,6082,15423,15424,15425,15426,15421,15427,15447,15448,15449,15428,15443,15445,15422,15446,15438,15444,15429,15439,15440,15441,15442,15436,15435,15430,15431,15434,15433,15437,15432,15591,15592,15593,15598,15597,15596,15595,15594,15590,1119,12356,9597,287,286,4938,4038,4039,4040,4041,4043,4048,4047,4042,4045,4044,4046,15420,13121,1553,11939,11940,11941,11942,722,135,136,140,137,138,139,141,8105,8480,8478,8479,8481,8477,8482,6300,14438,10572,7110,7114,7113,7112,7111,7109,589,3035,3030,3038,3039,3040,3041,3034,3042,3032,3029,3033,3036,3037,3031,1425,10591,10592,10589,10590,82,1462,1457,1458,1459,1461,1460,13519,13518,13520,9578,9577,9575,9574,9573,9572,9571,9576,9570,15646,15645,15644,15643,15641,15647,15640,15642,15648,1803,1802,7488,7490,7489,14239,14240,14241,14242,14244,14245,14247,14248,14237,14249,14238,14246,14243,3189,12192,12193,12191,12236,12235,8102,2912,2903,2911,2902,2901,2906,2907,2905,2908,2909,2910,2900,2899,2904,12227,12385,14486,14217,980,981,982,3321,3322,3299,3300,3298,15544,12914,12913,12912,12911,12915,6670,6673,6671,6672,9152,9154,9155,9153,9142,9147,9139,9143,9144,9145,9146,9151,9141,9140,9149,9150,9148,13411,13412,13413,13414,2139,5131,5132,12228,12465,12463,12464,2017,2021,2014,2022,2015,2016,2018,2019,2020,12607,12608,12098,12097,12096,12094,12095,6675,6677,6674,6679,6678,6676,15265,15264,15263,15262,15261,4650,4649,4651,4647,4653,4648,4652,12367,12366,12368,12369,12370,10964,10969,10968,10955,10967,10956,10957,10958,10959,10960,10961,10962,10966,10963,10965,12550,10352,220,7870,7871,12268,12266,12267,12269,14332,14331,14333,14334,14335,2234,2240,2238,2244,2239,2242,2243,2235,2241,2237,2236,6506,6502,6503,6504,6505,6509,6498,6507,6499,6500,6508,6501,12470,16162,1738,1739,1479,1472,1473,1470,1474,1475,1471,1476,1478,1477,16159,16008,16009,276,270,272,273,274,275,277,271,279,280,278,1979,1978,1977,1980,1976,1975,3456,2273,2272,2271,1154,9891,9892,12820,12818,12821,12817,12816,12819,12814,12815,12810,12809,12811,12812,12813,12823,12822,2200,2201,15820,15822,15821,15819,15464,15463,15462,15461,15465,15635,9997,9998,12333,9733,9735,9736,9737,9738,9732,9734,9739,9729,9741,9742,9743,9744,9751,9745,9750,9731,9746,9747,9740,9730,9749,9748,3620,3621,3607,3608,3609,3610,3611,3612,3613,3616,3606,3605,3617,3618,3619,3614,3615,9853,9852,9854,9856,9855,12263,12262,2277,2276,2275,2274,2118,2114,2117,2122,2119,2120,2121,2115,2116,12237,12386,2797,16184,15390,2219,2221,2223,2224,2215,2218,2216,2222,2217,2220,2146,1961,1960,2914,2918,2917,2916,2915,2920,2921,2919,2924,2923,2922,13775,13774,13773,13767,13777,13776,13768,13769,13770,13771,13772,9952,9954,9953,16116,9688,13817,8642,15388,15389,3411,15393,15392,998,2154,2155,2156,2153,2152,2150,2149,2148,2147,2151,16109,16110,14174,14184,14183,14182,14180,14175,14179,14176,14178,14177,14181,14173,14171,14170,14172,12791,2852,6442,12345,12346,13726,9757,12592,7875,7874,12739,15657,810,811,812,12260,9372,12359,12360,12361,12363,12362,12358,13756,13753,13752,13757,13758,13744,13755,13754,13747,13760,13748,13745,13749,13750,13751,13759,13766,13765,13764,13743,13762,13746,13761,13763,1484,15898,1093,1554,1820,12480,12478,12479,13783,13779,13788,13787,13786,13785,13784,13782,13781,13778,13780,13800,13806,13790,13789,13791,13792,13793,13799,13794,13795,13805,13797,13796,13798,13801,13804,13803,13802,14185,12274,12283,12284,12285,12286,12287,12288,12291,12290,12289,12292,12280,12273,12279,12282,12278,12277,12276,12275,12281,596,598,597,595,594,161,154,155,156,157,158,150,151,152,159,160,153,4815,4813,4809,4814,4812,4817,4811,4818,4819,4820,4821,4822,4823,4824,4825,4816,4810,1149,1096,15877,489,497,490,491,492,493,494,495,496,488,1780,13473,13472,13469,13470,13468,13471,16115,1944,1946,1943,1945,12452,16157,16158,14071,12826,12828,12825,12827,12296,12256,12255,12257,133,13918,13920,13921,13922,13923,13917,13919,13916,13927,13931,13924,13930,13925,13926,13929,13928,14260,14256,14262,14258,14261,14257,14259,14263,14523,14524,14089,14088,14087,11975,10932,10928,10929,10930,10931,10927,10941,10934,10935,10936,10937,10938,10939,10940,10942,10943,10933,4732,4731,13841,13839,13840,707,709,708,706,1694,15451,15453,15452,15450,15456,15455,15454,12551,3510,3509,4975,4974,4973,4972,4971,8306,8305,8307,8308,8309,8310,8311,8313,8314,8315,8316,8317,8318,8319,8312,692,691,12549,11956,12253,12252,12251,4310,12225,1713,1714,3774,3777,3776,3779,3778,3773,3780,3775,12022,12023,10495,10491,10489,10490,10493,10492,10494,14599,14595,14596,14597,14600,14601,14598,14301,14300,14299,14298,14297,14296,14295,16167,5124,5128,5122,5121,5120,5119,5123,5125,5126,5130,5129,5127,1092,1067,1064,1065,1066,1068,1211,3257,5164,5165,8070,8069,1631,4326,4332,4331,4330,4329,4328,4327,8363,3599,3600,12582,5505,5981,5980,6183,6184,5669,5668,5670,5671,9579,5184,5181,5185,5182,5183,5186,5272,5612,5611,6363,6368,6361,6367,6366,6364,6365,6362,6369,6038,6039,6037,6272,5407,5403,5404,5405,5406,5601,5599,5602,5598,5597,5596,5595,5594,5600,6407,6403,6404,6405,6406,6402,6409,6408,4153,5630,455,456,457,458,459,3784,3785,3786,3783,1748,1751,1750,1749,1752,1703,1705,1706,1704,2231,1968,1966,1967,1964,1965,15933,16183,12298,12529,12528,975,974,973,972,971,976,970,967,968,969,1675,1674,1673,528,529,530,526,532,533,534,535,536,537,531,527,12412,12229,12230,719,721,718,720,5534,12259,15338,616,614,613,615,612,12100,12101,12102,12103,12105,12104,12107,12099,12106,12108,12109,248,247,246,15331,12792,12177,2160,12406,12659,12660,12577,1118,16035,16037,16038,16034,16039,16033,16036,13338,13339,13340,540,9025,9026,9027,9028,15893,1973,1974,2863,2862,498,499,500,1456,1506,1561,1560,1171,1168,1167,1165,1170,1172,1173,1166,1174,1169,5155,14433,2144,2145,16389,16390,9336,9335,1717,1718,2039,2040,2038,1420,1421,2992,12082,1008,1007,1753,1293,4646,1581,1582,1579,1580,1578,1583,1584,1585,1428,12593,3287,3291,3293,3292,3289,3282,3283,3284,3288,3286,3295,3294,3290,3285,3296,12533,12532,12534,1446,1891,1892,1895,1896,1897,1903,1898,1904,1901,1902,1905,1899,1900,2230,2229,2228,717,10462,9940,9939,9938,9937,9928,9934,9933,9932,9931,9930,9929,9935,9936,9987,9986,1868,9910,9911,9596,10355,8337,787,10151,985,984,986,987,983,1910,835,1445,11539,11541,11540,1114,1115,1113,1116,1112,1117,9984,13456,13460,13459,13458,13455,13457,15982,1531,1529,1532,1533,1525,1527,1526,1530,1528,1518,1524,1521,1520,1519,1517,1516,1522,1523,9969,9970,5953,1430,1429,5146,5140,5141,5142,5143,5144,5145,5152,5153,5154,5151,5150,5147,5148,5149,10431,10437,10436,10435,10432,10434,10430,10429,10433,2599,1156,14380,14390,14384,14381,14389,14388,14383,14387,14386,14385,14382,10386,849,853,855,852,851,850,854,6105,6106,6107,6395,6396,6398,6399,6397,587,588,586,585,584,583,804,805,806,807,1814,1993,1995,1994,1998,1997,1996,436,427,435,429,428,431,432,433,434,438,437,430,5397,5398,5399,5400,5394,5395,5396,600,1323,12021,12010,12011,12012,12013,12014,12015,12016,12017,12018,12019,12020,12830,6255,6307,12845,12844,12843,12842,12841,12840,12839,12838,12837,12836,12835,6007,12677,12676,5516,16132,14432,5193,2187,2079,2080,2081,5314,5313,5312,5311,5310,5315,5410,1981,12519,12258,1422,1687,1686,1684,1685,14292,14293,14294,2199,2198,16161,14686,14687,14685,14683,14688,14684,2262,10529,10527,10528,2246,15129,4531,4532,4533,5035,5034,5033,5032,5031,5030,5036,5029,5028,2057,2060,2061,2054,2055,2062,2058,2059,2056,2063,978,977,1305,1306,1304,1913,2930,12411,12576,12231,12589,12588,12591,12587,12590,1060,12508,6944,6943,6942,6946,6947,6945,16485,52,819,820,821,818,8718,8715,8716,8714,8713,8712,8717,1712,15082,15081,15080,15079,15078,15077,4499,4500,4501,4502,4503,4497,4504,4505,4506,4507,4498,9589,9588,9586,9587,9590,9591,14082,14083,14084,14080,14085,14086,14081,14079,1700,834,858,859,860,857,856,922,2587,2579,2580,2581,2582,2583,2584,2585,2586,2588,2578,2577,2576,2571,2572,2575,2573,2574,11223,11219,11220,11221,11226,11225,11222,11224,3998,1423,1424,14808,14814,14813,14812,14811,14809,14815,14810,10669